2.1645e+01 2.8414e+01 2.9727e+01 3.0698e+01 3.0450e+01 2.9873e+01 2.8916e+01 2.7517e+01 2.5143e+01 2.3285e+01 1.8934e+01 1.5983e+01 1.4577e+01 1.3677e+01 1.2766e+01 1.2425e+01 1.1726e+01 1.0922e+01 1.0319e+01 9.3826e+00 8.1635e+00 5.4459e+00 4.0475e+00 3.4935e+00 4.2942e+00 5.2432e+00 5.6441e+00 5.7803e+00 5.6298e+00 5.6587e+00 5.3060e+00 4.9623e+00 5.1085e+00 5.4253e+00 5.5345e+00 4.7696e+00 5.0289e+00 5.4908e+00 5.8394e+00 5.9082e+00
2.8039e+01 3.5533e+01 3.8321e+01 3.9015e+01 3.8916e+01 3.8791e+01 3.7988e+01 3.5279e+01 3.3107e+01 2.9291e+01 2.3151e+01 2.0043e+01 1.8475e+01 1.6828e+01 1.5777e+01 1.4632e+01 1.4109e+01 1.3275e+01 1.2429e+01 1.1497e+01 9.8110e+00 6.6993e+00 5.3398e+00 5.1785e+00 5.9214e+00 6.4494e+00 6.6047e+00 6.5016e+00 6.4193e+00 6.6614e+00 6.5818e+00 5.3819e+00 5.0910e+00 5.8654e+00 6.2745e+00 5.6174e+00 5.4131e+00 5.8972e+00 6.5423e+00 6.4727e+00
3.0047e+01 3.9104e+01 4.1342e+01 4.1180e+01 4.1138e+01 4.0955e+01 3.9735e+01 3.7596e+01 3.5536e+01 3.1182e+01 2.4728e+01 2.1661e+01 1.9578e+01 1.8534e+01 1.7168e+01 1.6138e+01 1.5347e+01 1.5035e+01 1.3955e+01 1.2776e+01 1.0483e+01 7.2634e+00 6.2987e+00 6.2970e+00 7.1152e+00 7.6269e+00 7.6472e+00 7.6646e+00 7.6166e+00 7.5860e+00 7.5029e+00 7.0917e+00 5.8919e+00 6.5271e+00 6.6748e+00 6.6877e+00 5.8416e+00 6.0652e+00 6.3130e+00 6.4308e+00
3.0653e+01 3.9851e+01 4.1742e+01 4.2301e+01 4.2223e+01 4.1704e+01 4.0516e+01 3.8954e+01 3.5269e+01 3.1992e+01 2.4628e+01 2.2453e+01 2.0290e+01 1.8799e+01 1.7589e+01 1.6942e+01 1.6273e+01 1.5242e+01 1.4994e+01 1.3551e+01 1.1102e+01 7.5800e+00 6.5494e+00 6.3612e+00 7.2128e+00 7.7396e+00 7.8201e+00 8.0002e+00 8.5209e+00 8.2539e+00 8.0514e+00 7.4361e+00 7.2417e+00 7.4604e+00 6.7906e+00 6.6833e+00 5.6537e+00 5.8814e+00 6.1515e+00 6.2388e+00
3.0897e+01 3.9503e+01 4.1764e+01 4.1728e+01 4.1590e+01 4.1559e+01 4.0736e+01 3.8221e+01 3.5310e+01 3.1328e+01 2.5043e+01 2.2348e+01 2.0351e+01 1.9104e+01 1.8147e+01 1.6947e+01 1.6393e+01 1.5588e+01 1.4998e+01 1.3565e+01 1.1331e+01 7.6924e+00 6.2018e+00 5.5056e+00 6.8765e+00 7.8386e+00 8.4684e+00 7.8574e+00 8.0492e+00 8.2048e+00 7.8950e+00 7.1883e+00 7.7984e+00 8.1592e+00 6.7996e+00 6.4395e+00 5.6059e+00 5.9120e+00 6.3092e+00 6.6084e+00
3.0667e+01 3.8814e+01 4.0904e+01 4.1164e+01 4.0761e+01 4.0212e+01 3.8939e+01 3.7924e+01 3.4938e+01 3.1585e+01 2.4632e+01 2.1983e+01 2.0278e+01 1.8710e+01 1.7865e+01 1.7261e+01 1.6576e+01 1.5720e+01 1.4856e+01 1.3891e+01 1.1358e+01 7.7308e+00 6.2779e+00 5.6347e+00 6.7513e+00 8.0776e+00 8.8315e+00 8.6612e+00 8.4443e+00 8.5941e+00 8.4521e+00 7.1136e+00 7.0784e+00 7.5069e+00 6.4278e+00 5.9429e+00 5.3672e+00 5.5530e+00 5.9505e+00 6.2062e+00
2.9441e+01 3.7935e+01 3.9564e+01 3.9848e+01 3.9617e+01 3.9386e+01 3.8589e+01 3.7062e+01 3.5152e+01 3.1455e+01 2.4067e+01 2.1517e+01 1.9156e+01 1.8536e+01 1.7298e+01 1.6548e+01 1.5742e+01 1.5277e+01 1.4956e+01 1.3232e+01 1.1195e+01 7.3886e+00 5.6845e+00 5.2040e+00 6.8971e+00 8.0016e+00 8.2057e+00 8.5356e+00 8.8454e+00 8.5723e+00 7.6307e+00 3.9383e+00 4.7298e+00 6.3716e+00 7.0091e+00 7.2338e+00 6.5056e+00 3.9410e+00 4.6444e+00 4.9486e+00
2.7497e+01 3.5548e+01 3.7392e+01 3.8026e+01 3.7966e+01 3.7758e+01 3.6900e+01 3.5147e+01 3.3270e+01 2.9471e+01 2.2440e+01 1.9983e+01 1.8498e+01 1.7727e+01 1.6968e+01 1.6351e+01 1.5511e+01 1.5067e+01 1.4369e+01 1.3444e+01 1.0641e+01 6.9687e+00 5.5143e+00 4.9347e+00 6.4187e+00 7.9107e+00 8.5205e+00 8.6932e+00 8.0348e+00 6.3530e+00 5.4262e+00 3.6295e+00 4.4340e+00 5.3093e+00 6.2942e+00 6.8738e+00 6.4249e+00 4.0322e+00 3.8334e+00 4.3560e+00
2.5789e+01 3.2926e+01 3.4869e+01 3.5156e+01 3.5720e+01 3.5245e+01 3.4283e+01 3.2720e+01 3.0736e+01 2.6978e+01 2.1076e+01 1.9285e+01 1.8156e+01 1.6673e+01 1.6015e+01 1.5263e+01 1.5132e+01 1.4520e+01 1.4291e+01 1.3721e+01 1.1066e+01 7.0719e+00 5.5695e+00 4.9911e+00 6.7590e+00 7.9018e+00 7.7288e+00 7.4395e+00 7.5610e+00 8.3144e+00 7.4275e+00 3.4428e+00 4.6126e+00 6.1932e+00 5.6377e+00 5.5683e+00 5.0037e+00 4.1390e+00 3.0587e+00 3.4354e+00
2.2823e+01 2.9044e+01 3.0828e+01 3.1406e+01 3.1756e+01 3.1260e+01 3.0796e+01 2.9612e+01 2.7952e+01 2.4465e+01 1.9451e+01 1.7728e+01 1.6813e+01 1.5972e+01 1.5469e+01 1.5273e+01 1.4809e+01 1.4478e+01 1.4319e+01 1.3076e+01 1.0649e+01 7.0643e+00 5.9731e+00 5.4848e+00 6.4852e+00 7.6980e+00 8.5527e+00 8.9652e+00 9.7504e+00 9.4541e+00 6.3617e+00 5.0062e+00 6.0817e+00 7.4314e+00 8.1154e+00 8.5235e+00 7.7783e+00 6.8451e+00 5.4818e+00 4.0827e+00
1.8038e+01 2.3152e+01 2.4374e+01 2.5253e+01 2.4929e+01 2.4870e+01 2.4582e+01 2.2954e+01 2.1236e+01 1.9213e+01 1.7708e+01 1.6449e+01 1.6001e+01 1.5134e+01 1.5001e+01 1.4875e+01 1.4231e+01 1.4362e+01 1.3832e+01 1.2816e+01 1.0277e+01 7.0653e+00 5.6561e+00 5.2858e+00 6.8765e+00 7.8691e+00 8.1148e+00 8.6577e+00 9.7556e+00 8.6122e+00 6.1678e+00 7.2376e+00 8.3688e+00 9.0172e+00 9.2467e+00 9.6578e+00 9.0268e+00 7.0187e+00 5.2463e+00 2.2871e+00
1.5805e+01 2.0049e+01 2.1515e+01 2.2204e+01 2.2407e+01 2.2123e+01 2.1465e+01 2.0150e+01 1.9260e+01 1.7308e+01 1.6371e+01 1.5431e+01 1.4981e+01 1.4623e+01 1.4404e+01 1.4023e+01 1.3938e+01 1.3856e+01 1.3341e+01 1.2271e+01 1.0140e+01 6.4782e+00 5.0986e+00 4.5705e+00 7.3855e+00 8.9533e+00 9.5421e+00 1.0125e+01 8.6499e+00 7.2855e+00 7.9884e+00 8.6888e+00 8.0484e+00 8.5101e+00 9.0505e+00 8.6482e+00 7.6099e+00 6.1573e+00 2.9445e+00 7.6380e-01
1.4675e+01 1.8526e+01 1.9764e+01 2.0279e+01 2.0885e+01 2.0073e+01 1.9355e+01 1.8682e+01 1.8124e+01 1.7044e+01 1.6248e+01 1.5291e+01 1.4616e+01 1.4658e+01 1.3998e+01 1.3679e+01 1.3302e+01 1.3634e+01 1.2919e+01 1.1945e+01 1.0194e+01 6.8702e+00 5.8608e+00 5.5140e+00 8.2081e+00 1.0279e+01 1.0610e+01 1.0845e+01 1.0523e+01 8.8144e+00 8.2371e+00 6.8052e+00 6.0555e+00 7.0488e+00 7.2294e+00 6.8794e+00 5.8519e+00 3.5681e+00 1.2340e+00 4.9431e-01
1.3841e+01 1.7027e+01 1.8104e+01 1.9445e+01 1.9075e+01 1.8704e+01 1.8450e+01 1.8139e+01 1.7123e+01 1.6554e+01 1.5673e+01 1.5057e+01 1.4720e+01 1.4010e+01 1.3366e+01 1.3348e+01 1.3063e+01 1.2683e+01 1.2495e+01 1.1611e+01 9.7588e+00 6.9072e+00 5.4754e+00 5.3587e+00 8.5434e+00 9.9239e+00 7.7979e+00 8.3105e+00 8.5119e+00 7.0139e+00 6.1642e+00 5.0434e+00 5.1575e+00 5.5244e+00 5.4343e+00 4.9311e+00 3.8761e+00 1.7083e+00 8.0749e-01 7.6564e-01
1.2869e+01 1.6050e+01 1.7459e+01 1.7980e+01 1.8254e+01 1.7808e+01 1.7332e+01 1.7715e+01 1.6107e+01 1.5769e+01 1.5366e+01 1.4821e+01 1.4066e+01 1.3747e+01 1.3338e+01 1.3044e+01 1.2450e+01 1.2403e+01 1.2189e+01 1.1410e+01 9.7006e+00 6.6615e+00 5.8795e+00 6.1219e+00 8.4864e+00 7.4958e+00 3.6658e+00 5.8519e+00 6.3303e+00 5.1641e+00 4.4770e+00 4.0103e+00 3.8694e+00 4.0431e+00 3.8732e+00 3.6996e+00 2.2435e+00 1.0154e+00 1.2260e+00 1.6481e+00
1.2414e+01 1.5284e+01 1.6540e+01 1.6885e+01 1.7341e+01 1.7383e+01 1.6854e+01 1.6422e+01 1.6226e+01 1.5710e+01 1.4775e+01 1.4209e+01 1.3613e+01 1.3557e+01 1.3067e+01 1.2820e+01 1.2669e+01 1.1896e+01 1.1927e+01 1.1176e+01 9.2438e+00 6.8329e+00 6.0695e+00 6.5447e+00 8.0911e+00 5.3776e+00 5.5393e+00 5.1340e+00 4.4007e+00 3.6908e+00 3.1627e+00 2.8992e+00 2.9384e+00 2.5279e+00 2.8982e+00 2.5433e+00 1.4062e+00 1.6089e+00 1.9549e+00 2.1271e+00
1.1945e+01 1.4435e+01 1.5236e+01 1.6349e+01 1.6932e+01 1.6773e+01 1.6140e+01 1.5908e+01 1.5478e+01 1.5145e+01 1.4546e+01 1.4021e+01 1.3567e+01 1.3361e+01 1.3016e+01 1.2494e+01 1.2641e+01 1.2215e+01 1.1572e+01 1.0563e+01 9.2775e+00 6.2194e+00 5.9547e+00 6.7590e+00 6.1533e+00 5.6309e+00 5.6142e+00 4.2852e+00 3.2101e+00 2.6728e+00 2.7728e+00 3.3675e+00 3.5633e+00 2.3966e+00 2.4204e+00 1.5963e+00 1.7127e+00 1.8852e+00 2.2517e+00 2.7953e+00
1.1815e+01 1.3663e+01 1.4411e+01 1.5566e+01 1.5921e+01 1.6088e+01 1.5641e+01 1.5972e+01 1.5289e+01 1.5021e+01 1.4067e+01 1.4088e+01 1.3806e+01 1.3217e+01 1.2864e+01 1.2478e+01 1.2439e+01 1.2174e+01 1.1308e+01 1.0298e+01 8.3307e+00 5.9395e+00 5.7612e+00 8.2005e+00 5.0259e+00 5.4361e+00 4.5479e+00 3.9544e+00 3.4074e+00 2.6021e+00 2.8053e+00 3.3727e+00 3.7484e+00 2.8557e+00 2.3830e+00 3.1822e+00 3.6077e+00 2.5028e+00 2.5388e+00 3.0294e+00
1.1337e+01 1.3481e+01 1.4189e+01 1.4863e+01 1.5369e+01 1.5736e+01 1.5587e+01 1.5248e+01 1.4666e+01 1.4523e+01 1.4179e+01 1.3898e+01 1.3626e+01 1.2966e+01 1.2542e+01 1.2332e+01 1.1911e+01 1.1785e+01 1.1354e+01 1.0102e+01 8.1354e+00 5.4424e+00 6.4943e+00 8.1173e+00 5.1361e+00 4.8974e+00 3.9530e+00 3.8767e+00 2.8345e+00 2.9038e+00 2.7744e+00 3.6737e+00 4.6174e+00 5.0937e+00 5.2911e+00 5.5370e+00 5.5310e+00 4.0085e+00 3.4472e+00 3.6910e+00
1.1005e+01 1.2826e+01 1.3931e+01 1.4438e+01 1.4379e+01 1.4703e+01 1.4687e+01 1.4704e+01 1.4563e+01 1.4267e+01 1.3951e+01 1.4298e+01 1.3674e+01 1.2661e+01 1.2341e+01 1.2302e+01 1.2026e+01 1.1406e+01 1.1164e+01 1.0156e+01 8.3958e+00 7.6337e+00 8.1119e+00 7.3775e+00 5.8422e+00 4.7571e+00 5.2729e+00 5.4492e+00 5.4155e+00 4.9545e+00 5.0891e+00 5.6694e+00 6.2747e+00 6.2039e+00 6.4183e+00 6.6468e+00 6.5520e+00 5.4156e+00 5.0883e+00 5.0603e+00
1.0563e+01 1.2128e+01 1.3325e+01 1.3780e+01 1.3880e+01 1.3980e+01 1.3971e+01 1.4009e+01 1.3652e+01 1.3754e+01 1.3979e+01 1.3478e+01 1.3251e+01 1.2940e+01 1.2074e+01 1.2242e+01 1.1946e+01 1.1343e+01 1.1064e+01 1.0141e+01 8.8277e+00 8.2146e+00 7.9881e+00 7.3129e+00 6.4835e+00 6.4905e+00 6.5263e+00 6.5638e+00 6.2288e+00 6.2033e+00 6.2377e+00 6.7364e+00 7.0651e+00 7.0735e+00 6.8238e+00 7.1489e+00 7.3859e+00 7.1217e+00 5.3365e+00 5.4703e+00
1.0322e+01 1.1727e+01 1.2898e+01 1.3136e+01 1.3630e+01 1.3413e+01 1.3286e+01 1.3494e+01 1.3116e+01 1.3626e+01 1.3384e+01 1.3350e+01 1.3200e+01 1.2863e+01 1.2181e+01 1.2407e+01 1.1730e+01 1.1319e+01 1.0434e+01 1.0003e+01 9.3695e+00 8.7658e+00 8.6091e+00 8.2871e+00 7.1597e+00 6.9798e+00 6.8843e+00 6.7458e+00 6.6254e+00 6.5634e+00 6.6912e+00 6.9770e+00 7.1721e+00 7.1304e+00 7.1976e+00 7.2562e+00 7.5438e+00 7.3138e+00 6.4578e+00 5.9335e+00
9.9306e+00 1.1387e+01 1.2192e+01 1.2750e+01 1.2859e+01 1.2757e+01 1.2674e+01 1.2647e+01 1.2920e+01 1.2850e+01 1.3228e+01 1.2983e+01 1.3233e+01 1.2865e+01 1.2174e+01 1.1920e+01 1.1940e+01 1.1308e+01 1.0508e+01 1.0059e+01 9.2749e+00 8.5564e+00 8.3544e+00 8.1190e+00 7.0337e+00 6.7332e+00 6.9416e+00 6.9361e+00 6.7885e+00 6.8545e+00 6.8533e+00 7.0305e+00 7.1253e+00 7.0416e+00 6.7881e+00 7.1152e+00 7.3369e+00 7.5810e+00 6.5459e+00 6.5817e+00
9.7401e+00 1.1282e+01 1.1935e+01 1.2582e+01 1.2923e+01 1.3220e+01 1.2990e+01 1.2583e+01 1.2368e+01 1.2187e+01 1.3035e+01 1.2998e+01 1.2814e+01 1.2630e+01 1.2226e+01 1.1750e+01 1.1168e+01 1.0996e+01 1.0884e+01 9.9865e+00 9.0514e+00 8.3767e+00 8.3091e+00 7.2895e+00 7.1656e+00 7.1476e+00 6.4766e+00 6.5075e+00 6.3712e+00 6.6912e+00 6.7486e+00 7.1127e+00 7.3642e+00 7.5243e+00 7.5232e+00 7.1120e+00 6.9931e+00 6.9401e+00 6.9284e+00 6.6193e+00
9.1350e+00 1.0788e+01 1.1230e+01 1.1775e+01 1.2180e+01 1.2856e+01 1.2887e+01 1.2413e+01 1.2106e+01 1.1893e+01 1.2711e+01 1.2663e+01 1.2530e+01 1.2270e+01 1.1828e+01 1.1130e+01 1.1128e+01 1.1024e+01 1.0548e+01 9.9715e+00 8.8999e+00 8.6174e+00 7.9137e+00 7.9021e+00 7.8469e+00 7.5727e+00 7.0108e+00 6.3033e+00 6.7306e+00 7.4532e+00 7.7594e+00 7.5508e+00 7.3250e+00 7.3505e+00 7.2482e+00 6.3681e+00 5.7690e+00 5.7370e+00 6.3266e+00 6.2345e+00
8.4243e+00 1.0416e+01 1.1457e+01 1.1652e+01 1.2169e+01 1.2822e+01 1.2589e+01 1.2395e+01 1.2019e+01 1.1632e+01 1.2083e+01 1.2233e+01 1.2183e+01 1.1558e+01 1.1221e+01 1.0959e+01 1.1243e+01 1.1226e+01 1.0780e+01 1.0337e+01 9.2693e+00 8.3926e+00 8.0673e+00 8.0190e+00 8.4292e+00 8.3011e+00 7.8234e+00 7.6033e+00 7.6487e+00 7.8353e+00 7.8491e+00 7.1022e+00 6.5441e+00 5.7688e+00 5.7769e+00 5.1854e+00 5.0807e+00 5.6378e+00 5.9329e+00 5.7352e+00
8.3380e+00 1.0169e+01 1.1172e+01 1.1970e+01 1.2020e+01 1.2585e+01 1.2078e+01 1.1809e+01 1.1601e+01 1.1522e+01 1.1523e+01 1.1689e+01 1.1984e+01 1.1634e+01 1.1459e+01 1.0849e+01 1.1345e+01 1.1223e+01 1.0894e+01 1.0924e+01 1.0442e+01 9.4520e+00 8.4419e+00 8.2461e+00 8.6711e+00 8.5762e+00 8.1287e+00 7.9316e+00 7.7557e+00 7.3970e+00 6.0753e+00 5.8938e+00 5.4627e+00 3.3620e+00 3.9831e+00 4.9170e+00 5.3824e+00 5.2332e+00 5.0476e+00 4.9120e+00
8.3878e+00 9.8800e+00 1.0673e+01 1.1341e+01 1.1718e+01 1.2218e+01 1.2161e+01 1.1767e+01 1.1410e+01 1.1628e+01 1.1828e+01 1.1362e+01 1.1314e+01 1.1493e+01 1.1340e+01 1.1465e+01 1.1368e+01 1.1248e+01 1.1098e+01 1.0666e+01 1.0535e+01 9.5738e+00 9.1161e+00 8.4437e+00 8.7428e+00 8.4277e+00 8.1139e+00 7.9278e+00 7.6169e+00 7.1163e+00 6.7891e+00 6.8432e+00 6.3606e+00 5.4007e+00 5.4323e+00 5.4646e+00 5.8461e+00 5.9268e+00 4.7131e+00 4.3923e+00
8.0015e+00 9.7633e+00 1.0310e+01 1.0776e+01 1.1542e+01 1.1628e+01 1.1950e+01 1.1835e+01 1.1833e+01 1.1235e+01 1.1730e+01 1.1790e+01 1.1535e+01 1.1387e+01 1.1338e+01 1.1312e+01 1.1477e+01 1.1575e+01 1.1474e+01 1.0889e+01 1.0913e+01 9.8889e+00 9.3607e+00 8.9317e+00 8.0691e+00 6.3361e+00 7.1395e+00 7.9864e+00 7.8413e+00 7.4371e+00 7.3330e+00 7.6519e+00 7.3586e+00 6.8610e+00 6.6408e+00 6.0644e+00 6.1528e+00 5.8608e+00 5.5359e+00 5.0740e+00
7.7780e+00 9.5066e+00 1.0322e+01 1.0444e+01 1.1482e+01 1.1377e+01 1.1270e+01 1.1274e+01 1.1376e+01 1.1386e+01 1.1784e+01 1.1782e+01 1.1225e+01 1.1199e+01 1.1474e+01 1.2000e+01 1.1530e+01 1.1549e+01 1.1218e+01 1.0339e+01 1.0647e+01 1.0694e+01 9.6998e+00 8.9626e+00 8.0245e+00 7.9112e+00 7.3919e+00 7.8981e+00 8.2374e+00 8.1848e+00 7.7478e+00 7.5483e+00 7.7199e+00 7.3660e+00 7.3964e+00 6.6823e+00 5.9889e+00 5.9581e+00 6.0974e+00 4.8098e+00
7.5307e+00 9.1454e+00 9.9021e+00 1.0394e+01 1.1115e+01 1.0785e+01 1.1136e+01 1.0501e+01 1.0903e+01 1.0889e+01 1.1508e+01 1.0942e+01 1.0590e+01 1.1236e+01 1.1181e+01 1.1960e+01 1.1899e+01 1.1816e+01 1.1203e+01 1.0508e+01 1.0503e+01 9.6742e+00 9.5399e+00 8.8018e+00 8.3797e+00 8.2602e+00 8.1485e+00 8.2016e+00 8.2607e+00 8.4807e+00 8.6070e+00 8.5498e+00 8.1808e+00 7.9868e+00 6.9299e+00 6.9081e+00 7.0735e+00 6.3413e+00 5.6793e+00 5.0377e+00
7.0639e+00 8.8624e+00 9.7989e+00 1.0296e+01 1.1004e+01 1.0998e+01 1.1159e+01 1.0774e+01 1.0660e+01 1.0436e+01 1.0608e+01 1.0007e+01 1.0809e+01 1.0919e+01 1.0778e+01 1.0339e+01 1.1737e+01 1.2257e+01 1.1377e+01 1.1095e+01 1.0721e+01 1.0431e+01 8.5756e+00 7.0445e+00 7.9035e+00 8.1158e+00 8.4549e+00 8.6062e+00 8.7683e+00 8.7823e+00 8.5928e+00 8.6249e+00 7.8697e+00 7.6224e+00 6.5261e+00 6.8041e+00 7.2765e+00 7.2394e+00 6.7811e+00 4.8827e+00
6.8920e+00 8.4416e+00 9.3341e+00 9.6175e+00 1.0195e+01 1.0210e+01 1.0973e+01 1.0882e+01 1.0072e+01 9.9111e+00 9.4074e+00 9.5677e+00 1.0280e+01 1.0346e+01 1.1415e+01 1.0988e+01 1.0905e+01 1.1540e+01 1.1744e+01 1.1311e+01 1.0684e+01 1.1305e+01 1.0092e+01 8.6585e+00 6.9253e+00 6.5226e+00 7.1323e+00 8.1125e+00 8.3109e+00 8.7840e+00 8.5288e+00 8.1129e+00 5.4404e+00 6.1640e+00 5.9757e+00 6.5769e+00 6.9362e+00 7.2707e+00 7.2210e+00 5.9987e+00
7.1175e+00 7.9636e+00 8.4144e+00 9.0877e+00 9.9085e+00 9.3946e+00 1.0542e+01 1.0992e+01 9.9090e+00 1.0009e+01 9.2956e+00 9.6841e+00 9.7428e+00 1.0438e+01 1.1379e+01 1.1543e+01 1.1203e+01 1.0296e+01 1.1173e+01 1.1360e+01 1.0378e+01 1.1233e+01 1.0965e+01 1.0008e+01 8.1175e+00 6.7525e+00 4.6892e+00 6.1558e+00 6.7324e+00 7.1951e+00 7.2843e+00 6.7040e+00 5.8186e+00 4.4270e+00 4.7307e+00 5.6733e+00 6.1774e+00 6.3374e+00 5.8911e+00 4.8591e+00
7.0848e+00 7.6942e+00 7.3889e+00 8.6894e+00 9.3911e+00 9.0231e+00 1.0370e+01 1.0826e+01 1.0419e+01 9.8737e+00 9.6129e+00 9.7467e+00 9.9325e+00 1.0710e+01 1.1320e+01 1.1149e+01 1.1415e+01 9.8359e+00 9.0743e+00 1.0076e+01 8.9992e+00 9.6596e+00 1.0407e+01 9.9745e+00 8.9240e+00 7.5852e+00 4.9455e+00 4.6675e+00 5.6211e+00 5.8812e+00 5.4452e+00 4.2797e+00 4.3991e+00 3.4584e+00 3.3201e+00 4.0176e+00 4.5716e+00 5.1293e+00 5.0630e+00 3.6318e+00
6.9866e+00 7.3428e+00 7.3243e+00 8.1398e+00 9.3255e+00 8.0381e+00 9.7722e+00 1.0033e+01 1.0151e+01 9.4453e+00 9.6386e+00 9.1407e+00 1.0353e+01 1.0573e+01 1.1133e+01 1.0872e+01 1.1005e+01 9.7421e+00 7.5187e+00 7.6834e+00 8.6497e+00 9.1353e+00 9.5825e+00 8.5371e+00 8.8665e+00 7.8466e+00 3.8208e+00 2.9220e+00 3.5369e+00 3.7641e+00 3.6583e+00 3.3719e+00 2.6428e+00 2.4848e+00 2.3264e+00 3.0132e+00 3.6879e+00 4.5400e+00 4.2974e+00 4.1604e+00
6.1978e+00 6.6884e+00 7.3142e+00 7.8816e+00 8.1425e+00 7.8099e+00 9.4469e+00 9.4645e+00 9.2963e+00 8.6242e+00 9.6155e+00 8.7866e+00 8.1978e+00 8.7142e+00 1.0448e+01 1.0770e+01 9.7815e+00 9.2939e+00 6.7310e+00 6.9639e+00 8.4758e+00 8.2673e+00 8.0566e+00 8.2843e+00 7.5588e+00 5.4641e+00 3.5194e+00 3.4606e+00 3.7329e+00 4.0929e+00 4.1515e+00 3.9730e+00 3.1067e+00 2.1006e+00 2.3256e+00 2.3804e+00 2.8514e+00 3.2138e+00 3.4015e+00 3.7062e+00
5.6549e+00 6.3089e+00 7.0719e+00 7.1131e+00 7.5632e+00 5.8187e+00 7.9938e+00 9.2284e+00 9.4010e+00 9.0518e+00 9.4071e+00 8.9193e+00 8.4918e+00 7.8450e+00 7.1870e+00 9.2046e+00 9.3442e+00 8.1311e+00 7.0219e+00 6.8080e+00 7.3247e+00 7.6915e+00 6.4146e+00 7.3728e+00 7.7906e+00 6.3299e+00 4.5696e+00 4.3122e+00 4.0875e+00 4.4872e+00 4.8161e+00 4.5304e+00 4.0453e+00 3.0499e+00 2.4955e+00 2.4663e+00 2.4948e+00 2.9959e+00 3.2708e+00 3.2019e+00
4.8694e+00 5.8125e+00 6.7256e+00 6.7648e+00 7.1397e+00 6.4238e+00 6.9386e+00 8.4903e+00 9.2560e+00 9.0745e+00 9.0426e+00 9.0186e+00 8.5068e+00 7.6744e+00 7.1820e+00 5.2933e+00 7.2948e+00 7.5474e+00 5.8154e+00 6.0543e+00 6.6203e+00 7.5060e+00 6.9024e+00 7.0130e+00 7.4700e+00 6.5515e+00 5.6937e+00 5.1354e+00 4.0906e+00 4.5880e+00 4.7313e+00 4.7109e+00 4.4829e+00 4.1369e+00 3.3499e+00 2.4883e+00 2.6255e+00 2.7233e+00 3.0067e+00 3.1286e+00
4.7239e+00 5.0195e+00 6.2767e+00 6.7410e+00 7.2661e+00 7.0552e+00 6.8973e+00 8.3452e+00 9.0380e+00 8.8986e+00 8.9010e+00 8.1973e+00 8.0284e+00 7.7340e+00 7.2690e+00 5.4409e+00 4.5689e+00 4.4908e+00 4.4099e+00 5.3307e+00 5.7647e+00 7.1828e+00 7.4063e+00 7.1098e+00 7.3882e+00 7.0048e+00 6.1673e+00 5.7131e+00 4.8720e+00 4.5019e+00 5.0996e+00 4.2587e+00 4.7772e+00 3.7717e+00 3.6794e+00 3.2257e+00 2.8620e+00 2.6677e+00 3.0540e+00 2.9347e+00
