1.4457e-01 1.4444e-01 1.4333e-01 1.4498e-01 1.4563e-01 1.4397e-01 1.4258e-01 1.4266e-01 1.4221e-01 1.4599e-01 1.4305e-01 1.4268e-01 1.4153e-01 1.4093e-01 1.4119e-01 1.4017e-01 1.4424e-01 1.4472e-01 1.4088e-01 1.3562e-01 3.3975e-01 3.0069e-01 2.5339e-01 3.7412e-01 2.8680e-01 3.1703e-01 1.6176e-01 1.2523e-01 1.2695e-01 1.0080e-01 8.7580e-02 5.7235e-02 2.5638e-01 2.2886e-01 1.3672e-01 6.5555e-02 1.9914e-01 6.8881e-01 5.4377e-01 4.7314e-01
1.4333e-01 1.4354e-01 1.4439e-01 1.4402e-01 1.4406e-01 1.4388e-01 1.4366e-01 1.4367e-01 1.4243e-01 1.4614e-01 1.3986e-01 1.4208e-01 1.4009e-01 1.4341e-01 1.4752e-01 1.4719e-01 1.4138e-01 1.3641e-01 1.3384e-01 1.3797e-01 3.0496e-01 2.8077e-01 4.6651e-01 4.8508e-01 2.5220e-01 2.0186e-01 1.7080e-01 1.0576e-01 1.1511e-01 1.6115e-01 1.6087e-01 5.7915e-02 6.3690e-02 4.7146e-01 2.8679e-01 1.0076e-01 7.8165e-02 5.0408e-01 3.6829e+00 6.3562e-01
1.4184e-01 1.4335e-01 1.4314e-01 1.4611e-01 1.4521e-01 1.4511e-01 1.4328e-01 1.4217e-01 1.4416e-01 1.4477e-01 1.4090e-01 1.4199e-01 1.4148e-01 1.3791e-01 1.3947e-01 1.4410e-01 1.3807e-01 1.3978e-01 1.3837e-01 1.3780e-01 3.1818e-01 3.7524e-01 5.5095e-01 6.6349e-01 1.8016e-01 2.5632e-01 2.2520e-01 1.8356e-01 2.4105e-01 1.4044e-01 2.1241e-01 2.3420e-01 8.9305e-02 5.0880e-01 1.7205e-01 2.5135e-01 9.4920e-02 4.1038e-01 9.9643e-01 5.9201e-01
1.4363e-01 1.4563e-01 1.4482e-01 1.4476e-01 1.4528e-01 1.4592e-01 1.4543e-01 1.4356e-01 1.4441e-01 1.4507e-01 1.3953e-01 1.4130e-01 1.4155e-01 1.4275e-01 1.4244e-01 1.4391e-01 1.4180e-01 1.4380e-01 1.4692e-01 1.4077e-01 3.2857e-01 3.6973e-01 5.2182e-01 3.7849e-01 1.8987e-01 1.5376e-01 1.2021e-01 1.8244e-01 4.3623e-01 2.0469e-01 1.7004e-01 1.3074e-01 2.1905e-01 1.6530e+00 1.1922e-01 1.3464e-01 6.2725e-02 1.4081e-01 1.6797e-01 1.6040e-01
1.4389e-01 1.4407e-01 1.4526e-01 1.4383e-01 1.4332e-01 1.4397e-01 1.4375e-01 1.4531e-01 1.4314e-01 1.4514e-01 1.4159e-01 1.3942e-01 1.3964e-01 1.4279e-01 1.4249e-01 1.4615e-01 1.4269e-01 1.4519e-01 1.4180e-01 1.4813e-01 3.4636e-01 3.4048e-01 3.0382e-01 3.1132e-01 1.5886e-01 1.8452e-01 2.2298e-01 1.0238e-01 1.7505e-01 1.5025e-01 1.0808e-01 8.3965e-02 3.9615e-01 5.2292e-01 1.0208e-01 2.4274e-01 5.0835e-02 2.4000e-01 3.0304e+00 7.4758e+00
1.4308e-01 1.4374e-01 1.4307e-01 1.4364e-01 1.4245e-01 1.4083e-01 1.4200e-01 1.4308e-01 1.4472e-01 1.4568e-01 1.4054e-01 1.4333e-01 1.3886e-01 1.4263e-01 1.4545e-01 1.3811e-01 1.3623e-01 1.3827e-01 1.4204e-01 1.3195e-01 3.3783e-01 3.3087e-01 4.0747e-01 3.4741e-01 2.1642e-01 2.4591e-01 3.3322e-01 1.7338e-01 1.3160e-01 1.9507e-01 2.7926e-01 3.3253e-01 2.4432e-01 7.0848e-01 6.7480e-02 5.8095e-02 4.9385e-02 5.2013e-01 4.5991e-01 1.1567e+00
1.4368e-01 1.4253e-01 1.4356e-01 1.4139e-01 1.4355e-01 1.4185e-01 1.4394e-01 1.4402e-01 1.4624e-01 1.4835e-01 1.4203e-01 1.3900e-01 1.3888e-01 1.4458e-01 1.4478e-01 1.4205e-01 1.4335e-01 1.4700e-01 1.4067e-01 1.3709e-01 3.2238e-01 2.8709e-01 2.6952e-01 4.3156e-01 2.0194e-01 1.8835e-01 1.2910e-01 1.3795e-01 2.1466e-01 2.1135e-01 2.3613e-01 2.1335e-02 3.5944e-01 8.3822e-01 5.0814e-01 3.9215e-01 1.2793e-01 2.6020e-02 4.0502e-01 1.5986e-01
1.4476e-01 1.4355e-01 1.4211e-01 1.4456e-01 1.4440e-01 1.4097e-01 1.4478e-01 1.4486e-01 1.4524e-01 1.4448e-01 1.3872e-01 1.3697e-01 1.3728e-01 1.4092e-01 1.3869e-01 1.4028e-01 1.4158e-01 1.4066e-01 1.4974e-01 1.4064e-01 3.2201e-01 2.7085e-01 2.8682e-01 2.8493e-01 2.1316e-01 1.7915e-01 2.4282e-01 2.2429e-01 8.5225e-02 4.5840e-02 3.6140e-02 1.6460e-02 1.0418e-01 8.0810e-02 3.2586e-01 3.8591e-01 2.6960e-01 2.3880e-02 1.0206e-01 8.3266e-01
1.4530e-01 1.4533e-01 1.4162e-01 1.4522e-01 1.4452e-01 1.4338e-01 1.4422e-01 1.4286e-01 1.4615e-01 1.4514e-01 1.3728e-01 1.3934e-01 1.4386e-01 1.3796e-01 1.3708e-01 1.3757e-01 1.3698e-01 1.3781e-01 1.3983e-01 1.3551e-01 3.1125e-01 3.1296e-01 2.9439e-01 5.4580e-01 4.0936e-01 1.3219e-01 9.0080e-02 8.2230e-02 8.9195e-02 5.4260e-01 7.5790e-01 1.8000e-02 3.5819e-01 3.1756e-01 6.3875e-02 4.9580e-02 3.3410e-02 2.2250e-02 1.5700e-02 1.2756e+00
1.5027e-01 1.4722e-01 1.4539e-01 1.4778e-01 1.4427e-01 1.4458e-01 1.4863e-01 1.4466e-01 1.4556e-01 1.4681e-01 1.3987e-01 1.3639e-01 1.3928e-01 1.3314e-01 1.3653e-01 1.3830e-01 1.4078e-01 1.4835e-01 1.4582e-01 1.4380e-01 3.3444e-01 3.2268e-01 4.1884e-01 3.1357e-01 1.2832e-01 1.7812e-01 2.4487e-01 4.8277e-01 4.7015e-01 3.0412e-01 5.2625e-02 4.5790e-02 4.9269e-01 8.0127e-01 5.0745e-01 7.3084e-01 5.1723e-01 1.8541e-01 2.4938e-01 2.4343e-01
1.4581e-01 1.4041e-01 1.4253e-01 1.4186e-01 1.4147e-01 1.4181e-01 1.4433e-01 1.3783e-01 1.3659e-01 1.3681e-01 1.4005e-01 1.3770e-01 1.3827e-01 1.3984e-01 1.3622e-01 1.2612e-01 1.3495e-01 1.4199e-01 1.4400e-01 1.3609e-01 3.2570e-01 3.2417e-01 3.8673e-01 3.8703e-01 1.6061e-01 1.2610e-01 1.0740e-01 1.2318e-01 5.1967e-01 1.1288e-01 4.2890e-02 6.9871e-01 1.0198e+00 5.7586e-01 5.3468e-01 8.0102e-01 3.9035e-01 1.7233e-01 6.1221e-01 2.8585e-01
1.4461e-01 1.4075e-01 1.3917e-01 1.4402e-01 1.4208e-01 1.3989e-01 1.4122e-01 1.3622e-01 1.3772e-01 1.3868e-01 1.4044e-01 1.4031e-01 1.3992e-01 1.4184e-01 1.3933e-01 1.3975e-01 1.3944e-01 1.5197e-01 1.3518e-01 1.3697e-01 3.0909e-01 2.4974e-01 2.2260e-01 6.0630e-01 2.1751e-01 2.9685e-01 1.7990e-01 2.8136e-01 9.3400e-02 5.1615e-02 4.5876e-01 5.6285e-01 2.0999e-01 1.3953e+00 7.0024e-01 4.4554e-01 2.1690e-01 5.4588e-01 4.9676e-01 3.4950e-03
1.4039e-01 1.4607e-01 1.4274e-01 1.4321e-01 1.4405e-01 1.3975e-01 1.4247e-01 1.3895e-01 1.4086e-01 1.3758e-01 1.4291e-01 1.3714e-01 1.4156e-01 1.4342e-01 1.4078e-01 1.3751e-01 1.4102e-01 1.3922e-01 1.4561e-01 1.3957e-01 3.5065e-01 3.6316e-01 4.6433e-01 7.0920e-01 3.2029e-01 5.2431e-01 3.5552e-01 5.9471e-01 4.0269e-01 2.0400e-01 6.2081e-01 9.7105e-02 6.1715e-02 6.4355e-01 8.0870e-01 3.4741e-01 6.2551e-01 2.3825e-01 7.7800e-03 2.2850e-03
1.4408e-01 1.4153e-01 1.4485e-01 1.4381e-01 1.4084e-01 1.4262e-01 1.4167e-01 1.4135e-01 1.4052e-01 1.3792e-01 1.4167e-01 1.4466e-01 1.3989e-01 1.3553e-01 1.3800e-01 1.3742e-01 1.4081e-01 1.4323e-01 1.4042e-01 1.4369e-01 3.7148e-01 2.5175e-01 3.3595e-01 4.0265e-01 2.6385e-01 8.7452e-01 2.3373e-01 3.2059e-01 3.0134e-01 9.8695e-02 9.7730e-02 4.8480e-02 1.6964e-01 3.8116e-01 2.5115e-01 1.8510e-01 1.5392e-01 1.6815e-02 3.8500e-03 1.2291e-01
1.4520e-01 1.4517e-01 1.4973e-01 1.5076e-01 1.4012e-01 1.4472e-01 1.4072e-01 1.4202e-01 1.3849e-01 1.4039e-01 1.4078e-01 1.4524e-01 1.3928e-01 1.3684e-01 1.4230e-01 1.3858e-01 1.4888e-01 1.3520e-01 1.4519e-01 1.5379e-01 3.2414e-01 3.3033e-01 5.3812e-01 5.7050e-01 1.5774e-01 1.2512e-01 1.9155e-02 2.7188e-01 2.0838e-01 8.1585e-02 7.5405e-02 1.2721e-01 3.4284e-01 3.8904e-01 3.0484e-01 8.3088e-01 3.3735e-02 5.5550e-03 7.7895e-01 7.9449e+00
1.4491e-01 1.4884e-01 1.5203e-01 1.4552e-01 1.4602e-01 1.4339e-01 1.3845e-01 1.4435e-01 1.4061e-01 1.3620e-01 1.3797e-01 1.3994e-01 1.4066e-01 1.4153e-01 1.3833e-01 1.3396e-01 1.4330e-01 1.3577e-01 1.3093e-01 1.3670e-01 3.7167e-01 4.5130e-01 3.9796e-01 7.2925e-01 1.7879e-01 3.9435e-02 7.9740e-02 8.9915e-02 1.3489e-01 7.9930e-02 3.0400e-02 2.6845e-02 2.4350e-02 2.1380e-02 3.2972e-01 8.2170e-02 8.6750e-03 5.1881e-01 4.5511e-01 1.6381e-01
1.4372e-01 1.4569e-01 1.4528e-01 1.4083e-01 1.4471e-01 1.4134e-01 1.4383e-01 1.4653e-01 1.3851e-01 1.4357e-01 1.4555e-01 1.4792e-01 1.4233e-01 1.4499e-01 1.3609e-01 1.3631e-01 1.4374e-01 1.4735e-01 1.3761e-01 1.2734e-01 2.7210e-01 3.8172e-01 5.4587e-01 3.6881e-01 9.0910e-02 7.0350e-02 3.0666e-01 5.5285e-02 2.4880e-02 1.4110e-02 4.7490e-02 1.7281e-01 9.9825e-02 1.4970e-02 3.6090e-02 8.7450e-03 2.1030e-02 2.1050e-02 2.2373e-01 1.5136e+00
1.4702e-01 1.4097e-01 1.4294e-01 1.4398e-01 1.4405e-01 1.4643e-01 1.4894e-01 1.4744e-01 1.4155e-01 1.4437e-01 1.4472e-01 1.4747e-01 1.5090e-01 1.4314e-01 1.3581e-01 1.3980e-01 1.3544e-01 1.2843e-01 1.1844e-01 1.2593e-01 2.6452e-01 3.5801e-01 6.8668e-01 8.6164e-01 5.0315e-02 1.5328e-01 1.7790e-01 7.7725e-02 7.5980e-02 1.9520e-02 4.3460e-02 7.1020e-02 5.6835e-02 1.8630e-02 1.7600e-02 2.3670e-01 2.5122e-01 1.8560e-02 2.3060e-02 1.8833e+00
1.4995e-01 1.4763e-01 1.5055e-01 1.4439e-01 1.4318e-01 1.4478e-01 1.4286e-01 1.4624e-01 1.3924e-01 1.4266e-01 1.5466e-01 1.4039e-01 1.4383e-01 1.3922e-01 1.4018e-01 1.5443e-01 1.3881e-01 1.3446e-01 1.3036e-01 1.1678e-01 2.0958e-01 2.6791e-01 7.1262e-01 3.3510e-01 7.8290e-02 1.4393e-01 3.6995e-02 2.4805e-02 1.4080e-02 2.2025e-02 1.8790e-02 1.1398e-01 1.8701e-01 2.3766e-01 4.9829e-01 4.6931e-01 5.0458e-01 4.0625e-02 2.6355e-02 1.0097e+01
1.4472e-01 1.4771e-01 1.5712e-01 1.4100e-01 1.4171e-01 1.3747e-01 1.4002e-01 1.4067e-01 1.3879e-01 1.3934e-01 1.5294e-01 1.6035e-01 1.4513e-01 1.4583e-01 1.3093e-01 1.4738e-01 1.3214e-01 1.4008e-01 1.3467e-01 1.0594e-01 2.4308e-01 3.6214e-01 4.4283e-01 3.5422e-01 7.7055e-02 4.3045e-02 1.3970e-01 7.4405e-02 1.1978e-01 6.7045e-02 1.4917e-01 3.4303e-01 4.2999e-01 1.9869e-01 4.6836e-01 3.9740e-01 3.0527e-01 8.7830e-02 1.2623e-01 3.8205e+00
1.4880e-01 1.3991e-01 1.3776e-01 1.4079e-01 1.3038e-01 1.3458e-01 1.3100e-01 1.3719e-01 1.4347e-01 1.4320e-01 1.3865e-01 1.5444e-01 1.3919e-01 1.5031e-01 1.4147e-01 1.4946e-01 1.4072e-01 1.1425e-01 1.5258e-01 1.3008e-01 1.4491e-01 1.5343e-01 1.8011e-01 1.1839e-01 7.8100e-02 1.5924e-01 1.3078e-01 1.1927e-01 1.0375e-01 1.2458e-01 2.7063e-01 3.5707e-01 6.0930e-01 5.1831e-01 2.4384e-01 3.1898e-01 6.8610e-01 6.9956e-01 6.0885e-02 7.7377e-01
1.4510e-01 1.4599e-01 1.3448e-01 1.3981e-01 1.3046e-01 1.3175e-01 1.3598e-01 1.2835e-01 1.3994e-01 1.4547e-01 1.4558e-01 1.6875e-01 1.3497e-01 1.2972e-01 1.4402e-01 1.5138e-01 1.5771e-01 1.1896e-01 1.2434e-01 1.4418e-01 1.7500e-01 1.6942e-01 1.9033e-01 2.3799e-01 7.9395e-02 1.4800e-01 1.5893e-01 1.2376e-01 1.3090e-01 1.5621e-01 1.8513e-01 4.2135e-01 2.4866e-01 1.7347e-01 3.6930e-01 4.3299e-01 6.8263e-01 3.3846e-01 1.0632e-01 2.8508e-01
1.5194e-01 1.5002e-01 1.3099e-01 1.3498e-01 1.3340e-01 1.2682e-01 1.2996e-01 1.3903e-01 1.3559e-01 1.4197e-01 1.4705e-01 1.4086e-01 1.6007e-01 1.2903e-01 1.4472e-01 1.3763e-01 1.5669e-01 1.3822e-01 1.2193e-01 1.2998e-01 1.2929e-01 1.2563e-01 1.6476e-01 2.3755e-01 7.9045e-02 1.0892e-01 1.9387e-01 1.5409e-01 1.3764e-01 1.3636e-01 1.9246e-01 3.4498e-01 1.8299e-01 1.3189e-01 1.2023e-01 9.7969e-01 3.4068e-01 2.1677e+00 1.2590e-01 4.5297e-01
1.3961e-01 1.4892e-01 1.4100e-01 1.3943e-01 1.4722e-01 1.5702e-01 1.3840e-01 1.2932e-01 1.1789e-01 1.3957e-01 1.6370e-01 1.4744e-01 1.4846e-01 1.2990e-01 1.3445e-01 1.2394e-01 1.3628e-01 1.3780e-01 1.5585e-01 1.0797e-01 9.3685e-02 1.0339e-01 1.2339e-01 7.6765e-02 1.0165e-01 1.2597e-01 8.1725e-02 1.2438e-01 1.1379e-01 1.6937e-01 1.4189e-01 2.4749e-01 3.9063e-01 4.1455e-01 2.7899e-01 1.8245e-01 5.5344e-01 6.5938e-01 4.8585e-01 1.6956e-01
1.2937e-01 1.6611e-01 1.4331e-01 1.3609e-01 1.3674e-01 1.5791e-01 1.5118e-01 1.5081e-01 1.2258e-01 1.1810e-01 1.7451e-01 1.4036e-01 1.4861e-01 1.3310e-01 1.1027e-01 1.3692e-01 1.5133e-01 1.1309e-01 1.4376e-01 1.2227e-01 7.5770e-02 1.5047e-01 8.7465e-02 1.5079e-01 1.7322e-01 1.8775e-01 9.6985e-02 5.9075e-02 2.2032e-01 4.5349e-01 5.4573e-01 2.3955e-01 1.8674e-01 5.2302e-01 3.2032e-01 1.1529e-01 7.5745e-02 9.0425e-02 1.1743e+00 1.8080e-01
1.2071e-01 1.6996e-01 1.6624e-01 1.4155e-01 1.5213e-01 1.4539e-01 1.3576e-01 1.3046e-01 1.2060e-01 1.1159e-01 1.3151e-01 1.3337e-01 1.4894e-01 1.1826e-01 1.1829e-01 1.0856e-01 1.7258e-01 1.6387e-01 1.7016e-01 1.7617e-01 1.1388e-01 9.5200e-02 1.0885e-01 1.8937e-01 2.4225e-01 1.7782e-01 1.7360e-01 1.8524e-01 2.9933e-01 3.5920e-01 3.2881e-01 1.4168e-01 8.8920e-02 1.5821e-01 1.3220e-01 5.1090e-02 7.8095e-02 7.2120e-01 6.1523e-01 7.3485e-01
1.2690e-01 1.6315e-01 1.5862e-01 1.5720e-01 1.4907e-01 1.4813e-01 1.4934e-01 1.1954e-01 1.1478e-01 1.3392e-01 1.2217e-01 1.3326e-01 1.3450e-01 1.3492e-01 1.3307e-01 1.1913e-01 1.5701e-01 1.6107e-01 1.1392e-01 1.9964e-01 1.5242e-01 1.4144e-01 1.0824e-01 1.2386e-01 2.6720e-01 3.0129e-01 1.5601e-01 2.1643e-01 1.5904e-01 1.7102e-01 6.3490e-02 6.8655e-02 5.0020e-02 1.7920e-02 6.6850e-02 9.1445e-02 1.2491e-01 7.0695e-02 7.4955e-02 1.0656e-01
1.3826e-01 1.8765e-01 1.5423e-01 1.5079e-01 1.5038e-01 1.6025e-01 1.5873e-01 1.4444e-01 1.2713e-01 1.4858e-01 1.6417e-01 1.2066e-01 1.2105e-01 1.2637e-01 1.5773e-01 1.7541e-01 1.5357e-01 1.9101e-01 1.4370e-01 1.3698e-01 1.1368e-01 1.3692e-01 1.2631e-01 1.0651e-01 2.1408e-01 2.0586e-01 1.7073e-01 1.1767e-01 1.0376e-01 9.8245e-02 1.1037e-01 4.0136e-01 1.6666e-01 9.6345e-02 2.2133e-01 1.2361e-01 4.0008e-01 2.4333e-01 5.1455e-02 4.8190e-02
1.3462e-01 1.7404e-01 1.3775e-01 1.4515e-01 1.6886e-01 1.2685e-01 1.4458e-01 1.4836e-01 1.6745e-01 1.3480e-01 1.8671e-01 1.7311e-01 1.4663e-01 1.6210e-01 1.5100e-01 1.5782e-01 1.7388e-01 2.0933e-01 1.8327e-01 1.6603e-01 1.9287e-01 1.6393e-01 1.3061e-01 1.8618e-01 8.8810e-02 4.5475e-02 2.2597e-01 2.2506e-01 1.8554e-01 1.5590e-01 1.4422e-01 2.7414e-01 2.0553e-01 1.4567e-01 6.5377e-01 1.3789e-01 1.4193e-01 1.1810e-01 9.8520e-02 9.6100e-02
1.1524e-01 1.5435e-01 1.5563e-01 1.3413e-01 1.4132e-01 1.4467e-01 1.0787e-01 1.2237e-01 1.2126e-01 1.4808e-01 1.7410e-01 1.8837e-01 1.2028e-01 1.6423e-01 1.7722e-01 2.2415e-01 1.5066e-01 1.5333e-01 1.2547e-01 1.1613e-01 1.5798e-01 2.0641e-01 1.3801e-01 1.0065e-01 9.0750e-02 2.1153e-01 1.3569e-01 2.6110e-01 2.0176e-01 3.3941e-01 1.6754e-01 1.6376e-01 2.2439e-01 1.5662e-01 5.6033e-01 1.8331e-01 8.6185e-02 2.0593e-01 1.5169e+00 5.4605e-02
1.1093e-01 1.3114e-01 1.9396e-01 2.1861e-01 1.4807e-01 1.4360e-01 1.3268e-01 1.0179e-01 1.2265e-01 1.2258e-01 1.3814e-01 1.1038e-01 1.2557e-01 1.6521e-01 1.4559e-01 2.0889e-01 2.3830e-01 1.7066e-01 1.7611e-01 1.2464e-01 1.0340e-01 1.1162e-01 1.0014e-01 1.1510e-01 1.4309e-01 1.7869e-01 2.3541e-01 2.4149e-01 1.6821e-01 3.1556e-01 4.3183e-01 7.3547e-01 2.3731e-01 5.0838e-01 1.2297e-01 3.6002e-01 3.2617e+00 1.5207e-01 8.8610e-02 4.5115e-02
9.2005e-02 1.4464e-01 1.6917e-01 1.5695e-01 1.5038e-01 1.3726e-01 1.6853e-01 1.4471e-01 1.0532e-01 1.1825e-01 9.0925e-02 9.2515e-02 1.4953e-01 1.3531e-01 1.5296e-01 9.7645e-02 1.8273e-01 2.8974e-01 2.3305e-01 2.3770e-01 2.2286e-01 1.9701e-01 9.2430e-02 5.7275e-02 1.1278e-01 1.6237e-01 2.1386e-01 2.3878e-01 2.6380e-01 3.7332e-01 2.3544e-01 1.2030e+00 2.9681e-01 2.2032e-01 8.4155e-02 3.3648e-01 8.1400e-01 4.5555e-01 4.5710e-01 4.8495e-02
1.1176e-01 1.0336e-01 1.2513e-01 1.2813e-01 1.2448e-01 1.1819e-01 1.8271e-01 1.7310e-01 1.0656e-01 1.1270e-01 7.0530e-02 1.0207e-01 1.0666e-01 1.4054e-01 2.3758e-01 2.1117e-01 1.2723e-01 1.7483e-01 2.8452e-01 1.9321e-01 2.0635e-01 4.8513e-01 2.6709e-01 2.0486e-01 6.1495e-02 4.6425e-02 1.9592e-01 2.3508e-01 1.9850e-01 2.9485e-01 2.2468e-01 2.9097e-01 4.0810e-02 1.9249e-01 7.7505e-02 3.6688e-01 2.5777e-01 3.6648e-01 4.4487e+00 2.2842e-01
2.0192e-01 1.2312e-01 9.1810e-02 1.0741e-01 1.7697e-01 9.8235e-02 1.8688e-01 2.2526e-01 1.1590e-01 1.2688e-01 1.0225e-01 1.8757e-01 1.0218e-01 1.6462e-01 2.5419e-01 1.9659e-01 1.6727e-01 9.9690e-02 3.2408e-01 2.1829e-01 1.1489e-01 3.1923e-01 3.1246e-01 3.2234e-01 1.9793e-01 1.0450e-01 3.1725e-02 1.3252e-01 1.0640e-01 1.0251e-01 1.1675e-01 9.2275e-02 8.3905e-02 4.0840e-02 6.0500e-02 4.7550e-01 1.8021e+00 2.4504e-01 1.0886e-01 4.8530e-02
1.7842e-01 1.1480e-01 6.2745e-02 1.5099e-01 1.3407e-01 9.5670e-02 1.7028e-01 1.6739e-01 1.8529e-01 1.1983e-01 1.3362e-01 1.1968e-01 1.5266e-01 2.1597e-01 2.0117e-01 1.4186e-01 3.2886e-01 1.3158e-01 8.4490e-02 1.8751e-01 8.5210e-02 1.2309e-01 2.0475e-01 1.9639e-01 1.3217e-01 1.3772e-01 4.5900e-02 5.1840e-02 9.3290e-02 9.6705e-02 6.0635e-02 3.0745e-02 8.4860e-02 2.2395e-02 2.9645e-02 6.3410e-02 1.3557e-01 1.0741e-01 6.4450e-02 2.5810e-02
1.1639e-01 1.2094e-01 9.6200e-02 9.8745e-02 2.0105e-01 7.8215e-02 1.3155e-01 1.1062e-01 1.2620e-01 8.6350e-02 1.4043e-01 8.7750e-02 1.8066e-01 2.3941e-01 2.0612e-01 1.5615e-01 2.4724e-01 1.4333e-01 5.2090e-02 6.3820e-02 1.5993e-01 1.1571e-01 1.2459e-01 8.1845e-02 4.3078e-01 8.3657e-01 2.2285e-02 1.5005e-02 2.9580e-02 2.7345e-02 2.1485e-02 1.8470e-02 1.4320e-02 1.6380e-02 1.3950e-02 4.0275e-02 1.1761e-01 4.0814e-01 8.3940e-02 1.4028e-01
7.9520e-02 7.1190e-02 1.0687e-01 9.5465e-02 9.6730e-02 8.0175e-02 1.6789e-01 1.4001e-01 9.8000e-02 7.9855e-02 1.8623e-01 1.1320e-01 6.4065e-02 8.1085e-02 2.3045e-01 2.5426e-01 1.2472e-01 9.1430e-02 4.8035e-02 7.1825e-02 3.1305e-01 1.2167e-01 7.2050e-02 1.1947e-01 1.0570e-01 4.3085e-02 2.3070e-02 2.1852e-01 9.4110e-02 1.3995e-01 1.3056e-01 1.5030e-01 4.9935e-02 1.1640e-02 2.8155e-02 2.0575e-02 6.1135e-02 4.8855e-02 4.2090e-02 1.3415e-01
8.6895e-02 7.4800e-02 7.0400e-02 9.0245e-02 1.4159e-01 3.7015e-02 1.0941e-01 1.8438e-01 1.8268e-01 1.5643e-01 1.3006e-01 1.6950e-01 1.2376e-01 6.3130e-02 5.6745e-02 2.1844e-01 2.2083e-01 8.3065e-02 6.5205e-02 6.5000e-02 1.1375e-01 1.2154e-01 4.5905e-02 8.6645e-02 3.0845e-01 3.7411e-01 1.4183e-01 1.0582e-01 7.4515e-02 4.6554e-01 5.1688e-01 1.3696e-01 2.3180e-01 2.9231e-01 3.7120e-02 3.3940e-02 2.4380e-02 6.9545e-02 8.9985e-02 6.7930e-02
4.9425e-02 5.9300e-02 1.2151e-01 9.6120e-02 1.1361e-01 1.0891e-01 6.0810e-02 1.6458e-01 2.0197e-01 1.2406e-01 1.1434e-01 1.2183e-01 1.0828e-01 1.4697e-01 1.5379e-01 3.1315e-02 8.6195e-02 2.2499e-01 3.7950e-02 4.7195e-02 9.6800e-02 2.4693e-01 2.7289e-01 1.0272e-01 1.5763e-01 1.1173e-01 1.4020e-01 1.8729e-01 5.4535e-02 2.8323e-01 1.7937e-01 1.2784e-01 8.9830e-02 3.5650e-01 3.1640e+00 3.1985e-02 6.0950e-02 9.5345e-02 7.5050e-01 2.3506e-01
1.4425e-01 4.2390e-02 1.5951e-01 1.4086e-01 2.1830e-01 2.6776e-01 1.1731e-01 1.6515e-01 3.0114e-01 1.7023e-01 2.2245e-01 9.8580e-02 1.0189e-01 1.6196e-01 4.0651e-01 4.4823e-01 2.7405e-02 2.3585e-02 2.4550e-02 6.5460e-02 5.7890e-02 4.4867e-01 5.4186e-01 4.4217e-01 5.3865e-01 8.3492e-01 3.2245e-01 2.6438e-01 7.3274e-01 2.1475e+00 3.4013e+00 1.3689e-01 3.9099e-01 5.2970e-02 3.8087e+00 1.1138e+01 4.4176e+00 8.9380e+01 3.8234e+01 3.2498e+00
