4.8065e+00 4.8066e+00 4.7404e+00 4.7218e+00 4.6700e+00 4.4651e+00 4.2447e+00 4.0026e+00 3.6234e+00 2.9870e+00 1.9305e+00 1.2452e+00 8.3940e-01 5.7675e-01 3.9174e-01 2.6980e-01 1.8860e-01 1.2984e-01 9.0556e-02 6.3143e-02 2.4840e-02 4.3292e-03 7.2881e-04 1.2287e-04 3.6689e-05 2.5649e-05 1.7850e-05 1.2172e-05 8.2902e-06 5.6955e-06 3.9631e-06 2.6762e-06 1.9218e-06 1.3441e-06 9.2852e-07 6.2721e-07 4.2315e-07 2.8867e-07 1.9102e-07 1.1330e-07
4.6792e+00 4.6748e+00 4.6875e+00 4.6462e+00 4.5870e+00 4.4499e+00 4.3190e+00 3.9790e+00 3.5689e+00 2.9661e+00 1.8804e+00 1.2265e+00 8.3081e-01 5.8150e-01 3.9438e-01 2.6767e-01 1.8612e-01 1.2956e-01 9.0062e-02 6.1814e-02 2.4152e-02 4.1644e-03 6.9647e-04 1.1775e-04 3.5649e-05 2.5313e-05 1.7516e-05 1.2312e-05 8.2992e-06 5.7144e-06 3.9679e-06 2.7031e-06 1.8986e-06 1.3031e-06 9.1411e-07 6.2566e-07 4.2708e-07 2.8736e-07 1.9021e-07 1.1126e-07
4.6275e+00 4.6352e+00 4.7120e+00 4.7091e+00 4.5384e+00 4.4308e+00 4.2436e+00 3.9325e+00 3.5460e+00 2.9361e+00 1.8837e+00 1.2325e+00 8.2332e-01 5.5556e-01 3.8317e-01 2.6613e-01 1.8367e-01 1.2635e-01 8.6941e-02 6.1150e-02 2.3704e-02 4.0807e-03 6.8287e-04 1.1680e-04 3.4835e-05 2.4744e-05 1.6983e-05 1.1642e-05 7.9792e-06 5.5500e-06 3.9182e-06 2.6980e-06 1.8816e-06 1.2964e-06 8.9233e-07 6.3223e-07 4.2428e-07 2.8779e-07 1.8750e-07 1.1005e-07
4.6231e+00 4.7812e+00 4.6299e+00 4.5993e+00 4.5399e+00 4.4663e+00 4.2492e+00 4.0228e+00 3.5495e+00 2.8953e+00 1.8660e+00 1.2211e+00 8.0772e-01 5.4814e-01 3.7133e-01 2.5622e-01 1.7827e-01 1.2593e-01 8.6029e-02 5.9299e-02 2.2835e-02 3.9811e-03 6.7648e-04 1.1372e-04 3.3755e-05 2.3378e-05 1.5910e-05 1.1202e-05 7.8254e-06 5.4476e-06 3.8176e-06 2.6338e-06 1.7981e-06 1.2682e-06 8.8741e-07 6.0879e-07 4.2616e-07 2.8507e-07 1.8513e-07 1.1118e-07
4.5711e+00 4.5833e+00 4.5606e+00 4.4607e+00 4.4050e+00 4.3513e+00 4.2058e+00 3.9598e+00 3.4914e+00 2.8468e+00 1.8301e+00 1.1657e+00 7.8230e-01 5.3163e-01 3.6581e-01 2.5202e-01 1.7415e-01 1.2140e-01 8.2989e-02 5.7302e-02 2.2554e-02 3.8820e-03 6.5089e-04 1.0730e-04 3.2323e-05 2.2271e-05 1.5573e-05 1.0783e-05 7.5932e-06 5.2512e-06 3.6547e-06 2.5769e-06 1.7781e-06 1.2414e-06 8.7666e-07 5.9380e-07 3.9962e-07 2.7641e-07 1.8428e-07 1.0845e-07
4.4731e+00 4.4554e+00 4.4073e+00 4.3924e+00 4.2788e+00 4.1162e+00 4.0284e+00 3.8057e+00 3.4736e+00 2.8225e+00 1.7624e+00 1.1538e+00 7.5861e-01 5.1691e-01 3.5401e-01 2.4147e-01 1.6332e-01 1.1106e-01 7.7667e-02 5.3427e-02 2.1034e-02 3.6425e-03 6.1773e-04 1.0579e-04 3.1276e-05 2.1267e-05 1.4561e-05 1.0283e-05 7.2156e-06 4.9476e-06 3.5333e-06 2.4764e-06 1.7384e-06 1.2055e-06 8.4396e-07 5.8236e-07 4.0751e-07 2.7819e-07 1.8102e-07 1.0722e-07
4.3304e+00 4.2727e+00 4.2792e+00 4.1378e+00 4.1406e+00 4.0218e+00 3.9102e+00 3.6737e+00 3.3157e+00 2.7010e+00 1.7047e+00 1.0819e+00 7.1989e-01 4.8504e-01 3.2886e-01 2.2453e-01 1.5315e-01 1.0417e-01 7.2311e-02 5.0265e-02 1.9218e-02 3.2247e-03 5.4845e-04 9.3125e-05 2.8547e-05 2.0062e-05 1.3809e-05 9.6721e-06 6.7932e-06 4.7278e-06 3.2902e-06 2.3117e-06 1.6113e-06 1.1369e-06 7.9608e-07 5.7320e-07 4.0019e-07 2.8097e-07 1.8064e-07 1.0636e-07
4.0383e+00 3.9765e+00 4.0138e+00 3.9323e+00 3.8833e+00 3.7927e+00 3.6481e+00 3.4759e+00 3.1474e+00 2.5122e+00 1.5492e+00 9.7992e-01 6.5926e-01 4.4180e-01 2.9803e-01 2.0108e-01 1.3773e-01 9.4646e-02 6.5982e-02 4.5560e-02 1.7535e-02 2.8885e-03 4.8780e-04 8.4898e-05 2.6252e-05 1.8277e-05 1.2604e-05 8.8776e-06 6.3011e-06 4.4556e-06 3.1826e-06 2.1208e-06 1.5024e-06 1.0948e-06 7.7814e-07 5.5211e-07 3.8385e-07 2.7340e-07 1.8430e-07 1.0957e-07
3.5993e+00 3.6186e+00 3.5990e+00 3.5328e+00 3.5368e+00 3.3815e+00 3.2514e+00 3.0828e+00 2.8474e+00 2.2639e+00 1.3693e+00 8.6239e-01 5.7507e-01 3.8269e-01 2.6033e-01 1.8008e-01 1.2276e-01 8.6128e-02 5.8785e-02 4.0494e-02 1.6091e-02 2.7123e-03 4.5383e-04 7.6497e-05 2.3592e-05 1.6577e-05 1.1926e-05 8.1280e-06 5.8074e-06 4.2400e-06 3.0211e-06 2.1831e-06 1.5204e-06 1.0606e-06 7.6362e-07 5.4990e-07 3.8119e-07 2.7149e-07 1.8450e-07 1.1769e-07
2.9832e+00 3.0109e+00 2.9510e+00 2.9167e+00 2.8560e+00 2.8003e+00 2.7029e+00 2.5019e+00 2.3191e+00 1.8942e+00 1.1475e+00 7.2115e-01 4.8516e-01 3.2409e-01 2.2765e-01 1.5752e-01 1.0749e-01 7.6336e-02 5.3567e-02 3.6734e-02 1.4000e-02 2.3449e-03 3.9235e-04 6.9092e-05 2.1100e-05 1.4752e-05 1.0588e-05 7.6181e-06 5.4815e-06 4.0018e-06 2.9473e-06 2.1525e-06 1.4951e-06 1.0859e-06 7.6806e-07 5.4676e-07 3.8467e-07 2.7665e-07 1.8911e-07 1.1358e-07
1.9289e+00 1.8960e+00 1.8951e+00 1.8701e+00 1.8376e+00 1.7772e+00 1.7013e+00 1.5258e+00 1.3685e+00 1.1127e+00 8.1227e-01 5.6148e-01 3.9192e-01 2.7042e-01 1.8955e-01 1.3267e-01 9.3440e-02 6.6741e-02 4.7120e-02 3.2570e-02 1.2274e-02 2.0068e-03 3.3803e-04 5.8752e-05 1.8756e-05 1.3252e-05 9.5657e-06 7.1074e-06 5.1432e-06 3.8511e-06 2.8389e-06 2.0855e-06 1.4970e-06 1.0956e-06 7.9811e-07 5.7102e-07 4.1418e-07 2.8796e-07 1.9666e-07 1.2089e-07
1.2651e+00 1.2475e+00 1.2270e+00 1.2129e+00 1.2010e+00 1.1528e+00 1.0694e+00 9.7209e-01 8.5377e-01 7.0910e-01 5.5391e-01 4.2170e-01 3.0821e-01 2.1715e-01 1.5487e-01 1.1077e-01 7.9913e-02 5.6723e-02 3.8973e-02 2.7850e-02 1.0796e-02 1.7989e-03 2.9995e-04 4.9628e-05 1.6114e-05 1.1889e-05 8.7650e-06 6.5656e-06 4.9328e-06 3.5649e-06 2.6933e-06 2.0939e-06 1.5272e-06 1.1320e-06 8.3062e-07 6.0790e-07 4.3720e-07 3.0335e-07 2.0480e-07 1.2614e-07
8.5330e-01 8.5462e-01 8.3445e-01 8.1634e-01 7.8988e-01 7.6036e-01 7.2000e-01 6.4764e-01 5.8059e-01 4.7924e-01 3.8797e-01 3.0034e-01 2.2791e-01 1.7017e-01 1.2231e-01 8.8048e-02 6.3739e-02 4.6349e-02 3.3305e-02 2.3073e-02 8.8288e-03 1.4756e-03 2.4642e-04 4.2930e-05 1.4482e-05 1.0792e-05 8.3319e-06 6.3797e-06 4.9089e-06 3.6633e-06 2.8012e-06 2.1452e-06 1.6165e-06 1.1854e-06 8.9304e-07 6.6099e-07 4.8488e-07 3.4461e-07 2.3540e-07 1.4673e-07
5.7727e-01 5.7505e-01 5.7316e-01 5.6327e-01 5.3854e-01 5.1645e-01 4.8523e-01 4.3163e-01 3.8914e-01 3.2846e-01 2.7716e-01 2.1893e-01 1.6809e-01 1.2783e-01 9.5375e-02 7.0558e-02 5.1668e-02 3.7118e-02 2.6733e-02 1.9321e-02 7.3362e-03 1.2213e-03 2.1087e-04 3.6205e-05 1.2930e-05 1.0173e-05 8.2729e-06 6.4906e-06 5.1165e-06 3.9671e-06 3.0230e-06 2.3224e-06 1.7823e-06 1.3384e-06 1.0036e-06 7.5685e-07 5.4265e-07 3.9610e-07 2.6117e-07 1.4096e-07
3.9480e-01 3.9459e-01 3.9288e-01 3.8787e-01 3.6642e-01 3.5184e-01 3.2808e-01 2.9795e-01 2.6417e-01 2.2551e-01 1.9020e-01 1.5954e-01 1.2302e-01 9.4256e-02 7.1483e-02 5.4553e-02 4.0231e-02 2.9575e-02 2.1542e-02 1.5549e-02 5.9171e-03 1.0092e-03 1.7495e-04 3.1056e-05 1.2454e-05 1.0467e-05 8.4780e-06 7.0304e-06 5.6073e-06 4.5256e-06 3.5488e-06 2.7667e-06 2.0794e-06 1.5584e-06 1.1843e-06 8.4793e-07 6.1505e-07 4.1733e-07 2.7758e-07 1.6915e-07
2.7118e-01 2.7194e-01 2.7485e-01 2.6603e-01 2.5391e-01 2.4072e-01 2.2581e-01 2.0631e-01 1.8257e-01 1.5808e-01 1.3530e-01 1.1176e-01 8.9500e-02 7.0196e-02 5.3282e-02 4.1548e-02 3.1021e-02 2.3150e-02 1.6897e-02 1.2190e-02 4.7443e-03 7.9293e-04 1.3949e-04 2.5191e-05 1.2638e-05 1.1651e-05 1.0401e-05 8.8784e-06 6.9301e-06 5.6461e-06 4.2924e-06 3.3890e-06 2.4890e-06 1.8725e-06 1.3479e-06 9.6615e-07 6.7773e-07 4.8062e-07 3.1422e-07 1.9142e-07
1.8520e-01 1.8701e-01 1.8492e-01 1.8291e-01 1.7693e-01 1.6756e-01 1.5616e-01 1.4218e-01 1.2560e-01 1.1155e-01 9.5954e-02 7.8671e-02 6.3584e-02 5.1667e-02 4.0088e-02 3.0910e-02 2.3662e-02 1.7733e-02 1.3244e-02 9.4945e-03 3.6678e-03 6.3189e-04 1.0685e-04 2.1204e-05 1.4515e-05 1.4185e-05 1.3712e-05 1.1705e-05 9.3564e-06 6.9893e-06 5.4494e-06 4.1823e-06 3.1780e-06 2.1850e-06 1.5847e-06 1.0987e-06 8.0532e-07 5.3501e-07 3.4374e-07 2.0428e-07
1.3088e-01 1.2993e-01 1.2871e-01 1.2539e-01 1.2123e-01 1.1572e-01 1.0927e-01 9.8612e-02 8.8857e-02 7.8340e-02 6.5254e-02 5.6133e-02 4.6127e-02 3.6677e-02 3.0325e-02 2.3397e-02 1.8022e-02 1.3804e-02 1.0413e-02 7.4935e-03 2.8610e-03 4.8271e-04 8.3102e-05 1.9106e-05 1.9530e-05 2.1171e-05 1.9396e-05 1.6463e-05 1.2336e-05 9.5176e-06 7.1324e-06 5.1625e-06 3.6683e-06 2.6644e-06 1.8532e-06 1.2933e-06 9.0698e-07 6.1350e-07 3.8701e-07 2.3449e-07
9.2882e-02 9.0437e-02 8.9140e-02 8.7614e-02 8.3479e-02 7.9180e-02 7.4822e-02 6.9005e-02 6.1068e-02 5.4731e-02 4.6474e-02 3.9677e-02 3.3086e-02 2.7010e-02 2.1868e-02 1.7661e-02 1.3559e-02 1.0447e-02 8.0937e-03 5.9141e-03 2.2188e-03 3.8602e-04 7.8464e-05 2.7367e-05 3.3292e-05 3.5117e-05 2.9174e-05 2.2942e-05 1.7315e-05 1.2517e-05 9.0209e-06 6.5421e-06 4.5791e-06 3.2077e-06 2.2251e-06 1.4711e-06 1.0503e-06 7.0749e-07 4.6709e-07 2.6972e-07
6.2659e-02 6.3209e-02 6.1529e-02 6.0242e-02 5.7478e-02 5.3933e-02 5.1316e-02 4.7218e-02 4.2787e-02 3.8442e-02 3.3551e-02 2.8684e-02 2.3810e-02 1.9374e-02 1.5566e-02 1.2642e-02 1.0027e-02 7.8274e-03 5.9955e-03 4.3757e-03 1.7537e-03 4.2105e-04 1.6752e-04 8.8935e-05 7.6242e-05 6.2742e-05 4.6939e-05 3.2650e-05 2.2835e-05 1.5916e-05 1.1112e-05 7.5878e-06 5.2509e-06 3.5840e-06 2.4769e-06 1.6917e-06 1.1483e-06 7.6211e-07 5.0182e-07 2.9931e-07
4.3818e-02 4.3718e-02 4.2183e-02 4.1384e-02 3.9653e-02 3.7760e-02 3.5475e-02 3.2409e-02 2.9723e-02 2.6921e-02 2.3017e-02 2.0604e-02 1.6870e-02 1.4004e-02 1.1510e-02 9.1475e-03 7.4585e-03 5.7368e-03 4.5694e-03 3.1776e-03 1.8488e-03 8.5898e-04 4.5630e-04 2.6289e-04 1.5676e-04 9.7699e-05 6.2113e-05 4.0531e-05 2.7551e-05 1.8944e-05 1.2911e-05 8.6858e-06 5.9418e-06 4.0995e-06 2.7631e-06 1.8845e-06 1.2801e-06 8.5004e-07 5.4672e-07 3.1302e-07
2.9922e-02 2.9533e-02 2.9140e-02 2.8669e-02 2.7662e-02 2.5424e-02 2.4716e-02 2.2634e-02 2.0701e-02 1.8747e-02 1.6147e-02 1.4267e-02 1.2079e-02 9.9580e-03 8.2936e-03 6.7619e-03 5.4728e-03 4.1461e-03 3.3013e-03 2.4537e-03 1.5906e-03 9.4918e-04 5.4234e-04 3.1846e-04 1.9033e-04 1.1922e-04 7.6950e-05 4.8402e-05 3.2228e-05 2.1546e-05 1.4400e-05 9.7495e-06 6.5979e-06 4.5133e-06 3.0273e-06 2.0407e-06 1.3716e-06 8.9931e-07 5.7818e-07 3.3323e-07
2.0974e-02 2.0051e-02 1.9838e-02 1.9472e-02 1.8916e-02 1.7509e-02 1.6674e-02 1.5356e-02 1.4047e-02 1.3007e-02 1.1320e-02 9.7633e-03 8.6187e-03 7.1888e-03 5.9515e-03 4.8579e-03 3.9983e-03 3.1513e-03 2.3974e-03 1.8374e-03 1.2873e-03 8.1753e-04 5.1221e-04 3.2347e-04 2.0671e-04 1.2844e-04 8.2313e-05 5.2523e-05 3.5268e-05 2.3446e-05 1.5673e-05 1.0469e-05 7.0064e-06 4.7406e-06 3.2268e-06 2.1506e-06 1.4566e-06 9.5876e-07 6.0475e-07 3.5496e-07
1.4173e-02 1.4035e-02 1.3715e-02 1.3728e-02 1.3274e-02 1.2439e-02 1.1636e-02 1.0686e-02 9.8076e-03 9.1097e-03 8.0287e-03 6.9987e-03 6.1051e-03 5.1667e-03 4.3146e-03 3.5972e-03 2.8989e-03 2.3130e-03 1.7849e-03 1.3553e-03 1.0193e-03 7.0306e-04 4.5561e-04 2.9960e-04 1.9601e-04 1.2598e-04 8.2397e-05 5.4652e-05 3.6311e-05 2.3799e-05 1.6118e-05 1.0809e-05 7.2377e-06 4.8402e-06 3.2622e-06 2.2054e-06 1.4622e-06 9.6932e-07 6.2343e-07 3.7279e-07
9.6752e-03 9.7935e-03 9.6302e-03 9.2367e-03 9.1168e-03 8.6964e-03 8.0902e-03 7.3647e-03 6.8775e-03 6.2277e-03 5.5521e-03 4.9113e-03 4.2457e-03 3.6636e-03 3.0912e-03 2.5925e-03 2.0918e-03 1.6655e-03 1.2963e-03 1.0266e-03 7.6782e-04 5.6587e-04 3.9662e-04 2.6968e-04 1.7852e-04 1.1735e-04 7.7485e-05 5.1679e-05 3.5192e-05 2.3387e-05 1.5796e-05 1.0670e-05 7.0526e-06 4.6836e-06 3.1845e-06 2.1587e-06 1.4679e-06 9.7056e-07 6.2417e-07 3.6504e-07
6.7180e-03 6.6405e-03 6.7194e-03 6.3935e-03 6.1602e-03 6.0229e-03 5.5941e-03 5.1790e-03 4.7771e-03 4.3733e-03 3.9250e-03 3.4333e-03 2.9644e-03 2.6048e-03 2.1994e-03 1.8083e-03 1.5003e-03 1.2105e-03 9.7291e-04 7.5536e-04 5.8649e-04 4.3386e-04 3.2296e-04 2.2866e-04 1.5391e-04 1.0441e-04 7.1413e-05 4.8377e-05 3.2709e-05 2.1812e-05 1.4772e-05 9.9446e-06 6.8156e-06 4.6286e-06 3.1177e-06 2.1213e-06 1.4499e-06 9.3783e-07 6.0934e-07 3.5714e-07
4.6336e-03 4.5722e-03 4.6435e-03 4.6053e-03 4.3359e-03 4.1595e-03 3.8423e-03 3.6261e-03 3.3822e-03 3.0898e-03 2.8120e-03 2.4745e-03 2.1252e-03 1.8534e-03 1.5837e-03 1.2934e-03 1.0815e-03 9.1407e-04 7.2029e-04 5.6584e-04 4.4122e-04 3.3866e-04 2.5193e-04 1.8208e-04 1.2925e-04 8.8879e-05 6.0800e-05 4.2734e-05 2.8799e-05 1.9193e-05 1.3575e-05 9.1928e-06 6.2556e-06 4.1189e-06 2.8969e-06 1.9785e-06 1.3277e-06 9.1308e-07 5.8654e-07 3.3599e-07
3.2786e-03 3.1992e-03 3.2174e-03 3.1822e-03 2.9913e-03 2.8810e-03 2.6820e-03 2.5725e-03 2.3728e-03 2.1493e-03 1.9801e-03 1.7266e-03 1.5204e-03 1.3206e-03 1.1129e-03 9.5915e-04 7.9638e-04 6.5707e-04 5.2884e-04 4.1854e-04 3.3004e-04 2.5237e-04 1.9069e-04 1.4117e-04 1.0419e-04 7.4437e-05 5.2002e-05 3.6749e-05 2.5305e-05 1.7134e-05 1.2039e-05 8.2309e-06 5.7457e-06 3.9606e-06 2.7350e-06 1.8210e-06 1.2518e-06 8.5275e-07 5.6591e-07 3.2079e-07
2.2422e-03 2.2097e-03 2.1920e-03 2.1961e-03 2.0929e-03 1.9657e-03 1.8436e-03 1.7646e-03 1.6576e-03 1.5228e-03 1.3512e-03 1.1934e-03 1.0816e-03 9.3936e-04 7.8674e-04 6.7922e-04 5.6356e-04 4.7459e-04 3.9497e-04 3.1699e-04 2.4447e-04 1.9163e-04 1.4534e-04 1.1013e-04 8.1795e-05 5.8716e-05 4.2882e-05 2.9985e-05 2.1255e-05 1.4969e-05 1.0567e-05 7.3484e-06 5.0559e-06 3.5243e-06 2.4356e-06 1.6874e-06 1.1604e-06 7.7906e-07 5.1110e-07 2.9827e-07
1.5308e-03 1.5544e-03 1.5472e-03 1.5521e-03 1.4355e-03 1.3621e-03 1.2691e-03 1.2198e-03 1.1275e-03 1.0418e-03 9.4309e-04 8.3719e-04 7.5190e-04 6.5662e-04 5.6040e-04 4.8723e-04 4.1033e-04 3.4013e-04 2.8421e-04 2.2897e-04 1.8360e-04 1.4301e-04 1.1183e-04 8.7099e-05 6.4532e-05 4.7438e-05 3.5394e-05 2.5143e-05 1.7747e-05 1.2557e-05 8.9252e-06 6.3315e-06 4.4234e-06 3.0930e-06 2.1447e-06 1.4978e-06 1.0554e-06 7.0153e-07 4.6330e-07 2.7180e-07
1.0709e-03 1.0834e-03 1.0695e-03 1.0411e-03 9.7799e-04 9.3306e-04 8.9194e-04 8.2289e-04 7.7440e-04 7.2899e-04 6.6280e-04 5.8769e-04 5.2692e-04 4.5954e-04 4.0204e-04 3.4767e-04 2.9610e-04 2.4904e-04 2.0644e-04 1.6765e-04 1.3298e-04 1.0819e-04 8.4428e-05 6.5357e-05 5.0831e-05 3.7361e-05 2.7630e-05 2.0461e-05 1.4782e-05 1.0564e-05 7.5189e-06 5.4160e-06 3.8812e-06 2.6750e-06 1.8909e-06 1.3282e-06 9.0049e-07 6.2308e-07 4.1066e-07 2.3573e-07
7.5360e-04 7.4510e-04 7.4139e-04 7.1948e-04 6.8590e-04 6.5913e-04 6.1492e-04 5.8957e-04 5.3766e-04 5.0360e-04 4.7171e-04 4.1480e-04 3.7825e-04 3.2884e-04 2.8834e-04 2.5136e-04 2.1274e-04 1.7877e-04 1.4850e-04 1.2180e-04 9.8246e-05 7.7824e-05 6.1558e-05 4.8563e-05 3.7241e-05 2.9178e-05 2.1736e-05 1.5997e-05 1.1865e-05 8.5997e-06 6.2108e-06 4.4820e-06 3.2097e-06 2.2905e-06 1.6118e-06 1.1208e-06 7.8411e-07 5.3951e-07 3.5959e-07 2.1557e-07
5.1930e-04 5.1678e-04 5.0766e-04 5.0421e-04 4.7997e-04 4.6390e-04 4.2150e-04 4.0472e-04 3.8062e-04 3.6077e-04 3.2310e-04 2.9360e-04 2.5969e-04 2.3725e-04 2.0668e-04 1.7944e-04 1.5239e-04 1.2703e-04 1.0786e-04 8.8919e-05 7.1820e-05 5.7474e-05 4.5620e-05 3.6178e-05 2.8782e-05 2.1675e-05 1.6333e-05 1.2375e-05 9.3351e-06 6.8499e-06 5.0546e-06 3.6801e-06 2.7334e-06 1.9631e-06 1.3567e-06 9.4093e-07 6.7167e-07 4.6592e-07 3.0945e-07 1.7951e-07
3.6582e-04 3.6339e-04 3.5554e-04 3.4944e-04 3.3809e-04 3.1862e-04 2.9643e-04 2.7471e-04 2.6348e-04 2.4347e-04 2.2585e-04 2.0631e-04 1.8238e-04 1.6664e-04 1.4578e-04 1.2801e-04 1.0864e-04 9.1752e-05 7.5740e-05 6.3736e-05 5.2122e-05 4.2547e-05 3.3821e-05 2.6790e-05 2.1474e-05 1.6122e-05 1.2697e-05 9.4669e-06 7.2560e-06 5.4553e-06 4.0092e-06 2.9556e-06 2.1566e-06 1.5863e-06 1.1527e-06 8.0567e-07 5.7612e-07 3.9782e-07 2.6173e-07 1.5639e-07
2.5232e-04 2.5486e-04 2.3998e-04 2.4136e-04 2.3064e-04 2.1839e-04 2.0552e-04 1.9056e-04 1.8139e-04 1.7062e-04 1.5996e-04 1.4206e-04 1.2610e-04 1.1676e-04 1.0033e-04 9.0258e-05 7.7361e-05 6.4964e-05 5.4927e-05 4.6486e-05 3.7574e-05 3.0924e-05 2.4690e-05 1.9447e-05 1.5795e-05 1.2489e-05 9.5031e-06 7.2673e-06 5.5764e-06 4.1791e-06 3.1252e-06 2.4400e-06 1.7527e-06 1.2251e-06 9.2899e-07 6.7630e-07 4.6309e-07 3.2945e-07 2.2179e-07 1.2929e-07
1.7367e-04 1.7416e-04 1.6748e-04 1.6461e-04 1.5760e-04 1.5060e-04 1.3997e-04 1.3119e-04 1.2544e-04 1.1707e-04 1.0727e-04 9.8038e-05 8.9453e-05 7.9651e-05 7.0477e-05 6.1647e-05 5.4250e-05 4.6119e-05 3.7895e-05 3.3492e-05 2.6859e-05 2.2655e-05 1.8079e-05 1.4679e-05 1.1743e-05 9.4437e-06 7.2689e-06 5.8046e-06 4.2876e-06 3.2303e-06 2.4252e-06 1.8573e-06 1.4042e-06 9.8688e-07 6.9737e-07 5.2155e-07 3.6690e-07 2.6327e-07 1.8131e-07 1.0826e-07
1.2028e-04 1.1966e-04 1.1651e-04 1.1410e-04 1.0948e-04 1.0429e-04 9.9120e-05 9.0701e-05 8.7164e-05 8.1253e-05 7.3530e-05 6.8320e-05 6.0427e-05 5.5250e-05 4.9882e-05 4.3884e-05 3.7541e-05 3.2899e-05 2.7074e-05 2.3897e-05 1.9777e-05 1.6117e-05 1.3014e-05 1.0681e-05 8.4946e-06 6.8586e-06 5.4494e-06 4.2565e-06 3.2532e-06 2.4661e-06 1.9025e-06 1.4566e-06 1.1250e-06 7.9019e-07 5.8815e-07 4.0392e-07 2.9004e-07 2.1566e-07 1.5215e-07 8.6725e-08
7.9366e-05 8.1203e-05 7.7969e-05 7.7849e-05 7.4942e-05 6.9945e-05 6.7568e-05 6.3160e-05 5.8883e-05 5.4043e-05 5.0209e-05 4.6138e-05 4.0986e-05 3.6953e-05 3.3561e-05 3.0072e-05 2.5952e-05 2.2080e-05 1.9692e-05 1.6415e-05 1.3965e-05 1.1398e-05 9.5844e-06 7.7469e-06 6.1605e-06 4.8119e-06 3.9844e-06 3.0227e-06 2.2865e-06 1.8561e-06 1.3982e-06 1.0893e-06 8.1996e-07 6.0639e-07 4.4856e-07 3.1754e-07 2.2767e-07 1.6087e-07 1.1282e-07 6.8870e-08
5.2685e-05 5.1585e-05 5.0242e-05 5.0323e-05 4.7310e-05 4.5408e-05 4.3590e-05 4.1681e-05 3.8087e-05 3.4919e-05 3.2451e-05 3.0118e-05 2.7349e-05 2.4079e-05 2.1833e-05 1.9521e-05 1.6996e-05 1.5222e-05 1.2802e-05 1.0906e-05 9.3578e-06 7.7438e-06 6.5190e-06 5.3594e-06 4.2645e-06 3.3547e-06 2.7062e-06 2.1012e-06 1.5801e-06 1.2678e-06 9.8845e-07 7.4781e-07 5.9157e-07 4.2458e-07 3.1225e-07 2.3217e-07 1.6923e-07 1.1764e-07 8.0295e-08 5.1538e-08
3.1313e-05 3.0303e-05 2.9542e-05 2.9391e-05 2.8324e-05 2.6665e-05 2.5599e-05 2.4529e-05 2.2483e-05 2.0699e-05 1.9342e-05 1.7933e-05 1.6138e-05 1.4615e-05 1.3093e-05 1.1489e-05 9.9001e-06 8.7152e-06 7.3962e-06 6.4942e-06 5.6607e-06 4.7103e-06 3.8602e-06 3.2082e-06 2.5601e-06 2.0528e-06 1.6721e-06 1.3086e-06 1.0324e-06 7.9363e-07 6.1335e-07 4.7642e-07 3.6614e-07 2.6787e-07 1.9970e-07 1.4757e-07 1.0774e-07 7.6349e-08 5.0949e-08 3.2082e-08
