6.3415e-02 5.5350e-02 5.3369e-02 5.2312e-02 5.1948e-02 5.0146e-02 4.8453e-02 4.6836e-02 4.4357e-02 3.7997e-02 2.7233e-02 1.9119e-02 1.3495e-02 9.5728e-03 6.7300e-03 4.6983e-03 3.3807e-03 2.4115e-03 1.7304e-03 1.2653e-03 5.3365e-04 1.1387e-04 2.2236e-05 4.0350e-06 1.0868e-06 6.8755e-07 4.6119e-07 3.1077e-07 2.1447e-07 1.4697e-07 1.0561e-07 7.3744e-08 5.2191e-08 3.5422e-08 2.4227e-08 1.7629e-08 1.1582e-08 7.5619e-09 4.8522e-09 2.8611e-09
5.4243e-02 4.8138e-02 4.6480e-02 4.5659e-02 4.5134e-02 4.3856e-02 4.3013e-02 4.1121e-02 3.8072e-02 3.3641e-02 2.3989e-02 1.6816e-02 1.1864e-02 8.7013e-03 6.0946e-03 4.2954e-03 3.0415e-03 2.1827e-03 1.5681e-03 1.1190e-03 4.7330e-04 9.8761e-05 1.8500e-05 3.1762e-06 8.9923e-07 6.1183e-07 4.1836e-07 2.9639e-07 2.0106e-07 1.3590e-07 9.4935e-08 7.1522e-08 5.1650e-08 3.3027e-08 2.2400e-08 1.6204e-08 1.1268e-08 7.2635e-09 4.5647e-09 2.6843e-09
5.1820e-02 4.5499e-02 4.4984e-02 4.5045e-02 4.3434e-02 4.2499e-02 4.1324e-02 3.9368e-02 3.6513e-02 3.2275e-02 2.3252e-02 1.6255e-02 1.1422e-02 7.9212e-03 5.6765e-03 4.0665e-03 2.8779e-03 2.0002e-03 1.4286e-03 1.0502e-03 4.4939e-04 9.2941e-05 1.6701e-05 2.8571e-06 8.0163e-07 5.4997e-07 3.7697e-07 2.5813e-07 1.7747e-07 1.2369e-07 8.7805e-08 6.2188e-08 4.7583e-08 3.1147e-08 2.1201e-08 1.5006e-08 1.0775e-08 7.1729e-09 4.5806e-09 2.6637e-09
5.1256e-02 4.6491e-02 4.3987e-02 4.3407e-02 4.2885e-02 4.2453e-02 4.0977e-02 3.9564e-02 3.6687e-02 3.1421e-02 2.3080e-02 1.5819e-02 1.1007e-02 7.7601e-03 5.4347e-03 3.8210e-03 2.7126e-03 1.9800e-03 1.3638e-03 9.8881e-04 4.2066e-04 8.8760e-05 1.6225e-05 2.7677e-06 7.7150e-07 5.1581e-07 3.4923e-07 2.4310e-07 1.6455e-07 1.1639e-07 8.2584e-08 5.9286e-08 4.1013e-08 2.8500e-08 2.0903e-08 1.4455e-08 1.1001e-08 7.2154e-09 4.5818e-09 2.7322e-09
5.0479e-02 4.4761e-02 4.3318e-02 4.2387e-02 4.1927e-02 4.1431e-02 4.0449e-02 3.9315e-02 3.6066e-02 3.1220e-02 2.2448e-02 1.5136e-02 1.0644e-02 7.4662e-03 5.2711e-03 3.7579e-03 2.6403e-03 1.8873e-03 1.3154e-03 9.5502e-04 4.1128e-04 8.5916e-05 1.6043e-05 2.8071e-06 7.5661e-07 4.8827e-07 3.2848e-07 2.3612e-07 1.6428e-07 1.1253e-07 7.9841e-08 5.8996e-08 3.9083e-08 2.6677e-08 2.0636e-08 1.4364e-08 1.0360e-08 6.9779e-09 4.5032e-09 2.5897e-09
4.9581e-02 4.3897e-02 4.2299e-02 4.2023e-02 4.1138e-02 3.9844e-02 3.9627e-02 3.7933e-02 3.6072e-02 3.0828e-02 2.1797e-02 1.5106e-02 1.0341e-02 7.3354e-03 5.1412e-03 3.5676e-03 2.4623e-03 1.7194e-03 1.2369e-03 8.7992e-04 3.8311e-04 8.0413e-05 1.5133e-05 2.7357e-06 7.3887e-07 4.5932e-07 3.0075e-07 2.1448e-07 1.5242e-07 1.0359e-07 7.4601e-08 5.6992e-08 4.0108e-08 2.7006e-08 2.0433e-08 1.4664e-08 1.0797e-08 7.2463e-09 4.5551e-09 2.6418e-09
4.8988e-02 4.2581e-02 4.1760e-02 4.0235e-02 4.0380e-02 3.9336e-02 3.8638e-02 3.7041e-02 3.4328e-02 2.9562e-02 2.1329e-02 1.4317e-02 1.0096e-02 6.9154e-03 4.8534e-03 3.3880e-03 2.3693e-03 1.6359e-03 1.1477e-03 8.4818e-04 3.5257e-04 7.2820e-05 1.4120e-05 2.5058e-06 6.6722e-07 4.3535e-07 2.9591e-07 2.0321e-07 1.4020e-07 9.9119e-08 7.3111e-08 7.1501e-08 4.5479e-08 2.7645e-08 1.8457e-08 1.3082e-08 9.6310e-09 8.6875e-09 5.1452e-09 2.9349e-09
4.7272e-02 4.0939e-02 4.0291e-02 3.9142e-02 3.8686e-02 3.7887e-02 3.6864e-02 3.5988e-02 3.3495e-02 2.8405e-02 2.0074e-02 1.3456e-02 9.4089e-03 6.4410e-03 4.4411e-03 3.0523e-03 2.1466e-03 1.4967e-03 1.0684e-03 7.6271e-04 3.2995e-04 6.7165e-05 1.2751e-05 2.3459e-06 6.3604e-07 3.9888e-07 2.6505e-07 1.8482e-07 1.3645e-07 1.0851e-07 8.3864e-08 6.8332e-08 4.3795e-08 2.9164e-08 1.9038e-08 1.2926e-08 9.2955e-09 8.3573e-09 5.7779e-09 3.2225e-09
4.3506e-02 3.8709e-02 3.7412e-02 3.6574e-02 3.6324e-02 3.4962e-02 3.4086e-02 3.3081e-02 3.1526e-02 2.6755e-02 1.8308e-02 1.2054e-02 8.2842e-03 5.7529e-03 3.9931e-03 2.8293e-03 1.9371e-03 1.3874e-03 9.5452e-04 6.7104e-04 2.9691e-04 6.2606e-05 1.1804e-05 2.1018e-06 5.5701e-07 3.6198e-07 2.6333e-07 1.8292e-07 1.2964e-07 9.0260e-08 6.8044e-08 7.2221e-08 4.3452e-08 2.6159e-08 1.9741e-08 1.4304e-08 1.0460e-08 8.1912e-09 6.4756e-09 3.8975e-09
3.8329e-02 3.4293e-02 3.2625e-02 3.1948e-02 3.1110e-02 3.0744e-02 2.9897e-02 2.8221e-02 2.6924e-02 2.3507e-02 1.5971e-02 1.0513e-02 7.2628e-03 4.9777e-03 3.5528e-03 2.4740e-03 1.7146e-03 1.2314e-03 8.6894e-04 6.2356e-04 2.6334e-04 5.4155e-05 9.8542e-06 1.8109e-06 5.0860e-07 3.2637e-07 2.2223e-07 1.5617e-07 1.0775e-07 7.9889e-08 7.1727e-08 5.9051e-08 3.7214e-08 2.4450e-08 1.6549e-08 1.1496e-08 8.4664e-09 6.4906e-09 4.9578e-09 3.4504e-09
2.7877e-02 2.4187e-02 2.3562e-02 2.2843e-02 2.2591e-02 2.1875e-02 2.1063e-02 1.9548e-02 1.8228e-02 1.5582e-02 1.1848e-02 8.4978e-03 6.0140e-03 4.2668e-03 3.0040e-03 2.1115e-03 1.5204e-03 1.0810e-03 7.7769e-04 5.5846e-04 2.3500e-04 4.6344e-05 8.7244e-06 1.5686e-06 4.3903e-07 2.8998e-07 2.0612e-07 1.4827e-07 1.0108e-07 8.0550e-08 7.0166e-08 4.7583e-08 3.1764e-08 2.2395e-08 1.6111e-08 1.1279e-08 8.4618e-09 6.6718e-09 5.2702e-09 4.9068e-09
1.9534e-02 1.7102e-02 1.6237e-02 1.5800e-02 1.5574e-02 1.5044e-02 1.4168e-02 1.3293e-02 1.1941e-02 1.0462e-02 8.4030e-03 6.5895e-03 4.8878e-03 3.4857e-03 2.5048e-03 1.8158e-03 1.3139e-03 9.3538e-04 6.5495e-04 4.8801e-04 2.0812e-04 4.3383e-05 8.1538e-06 1.4249e-06 3.6396e-07 2.4390e-07 1.7417e-07 1.2666e-07 1.0295e-07 8.1070e-08 5.8492e-08 4.3604e-08 3.3043e-08 2.3819e-08 1.6948e-08 1.2688e-08 9.7282e-09 7.5041e-09 7.3260e-09 8.8597e-09
1.3673e-02 1.2188e-02 1.1522e-02 1.1127e-02 1.0609e-02 1.0417e-02 1.0046e-02 9.1974e-03 8.3712e-03 7.1254e-03 5.9079e-03 4.7146e-03 3.6592e-03 2.7282e-03 2.0067e-03 1.4613e-03 1.0727e-03 7.7051e-04 5.6877e-04 4.0979e-04 1.6974e-04 3.4556e-05 6.2480e-06 1.1222e-06 3.1028e-07 2.0662e-07 1.5701e-07 1.1891e-07 9.2887e-08 7.5740e-08 5.9911e-08 5.0477e-08 4.0322e-08 2.7405e-08 2.0388e-08 1.5469e-08 1.2303e-08 1.1198e-08 1.3008e-08 1.2811e-08
9.5244e-03 8.5542e-03 8.2685e-03 7.8407e-03 7.5688e-03 7.3301e-03 6.9341e-03 6.2209e-03 5.7724e-03 4.9554e-03 4.2974e-03 3.4632e-03 2.6892e-03 2.0963e-03 1.6013e-03 1.1854e-03 8.7750e-04 6.3976e-04 4.6422e-04 3.4805e-04 1.4415e-04 2.8525e-05 5.5315e-06 9.6003e-07 2.7154e-07 1.9822e-07 1.8185e-07 1.3820e-07 1.0765e-07 9.1948e-08 7.4738e-08 6.3477e-08 4.8173e-08 3.4953e-08 2.6425e-08 2.0921e-08 1.6919e-08 1.8602e-08 1.7840e-08 9.8881e-09
6.7553e-03 6.0458e-03 5.7716e-03 5.6148e-03 5.2644e-03 5.1178e-03 4.8372e-03 4.3452e-03 4.0404e-03 3.4859e-03 2.9784e-03 2.5437e-03 2.0134e-03 1.5604e-03 1.2015e-03 9.2716e-04 6.9987e-04 5.1547e-04 3.7873e-04 2.8255e-04 1.1661e-04 2.4001e-05 4.4288e-06 7.7046e-07 2.6241e-07 2.3467e-07 2.7180e-07 1.7839e-07 1.3680e-07 1.2224e-07 1.0295e-07 8.4806e-08 6.4888e-08 4.7575e-08 3.6939e-08 2.7060e-08 2.5206e-08 2.5422e-08 1.5388e-08 8.0874e-09
4.7244e-03 4.2697e-03 4.1483e-03 3.9740e-03 3.7427e-03 3.5440e-03 3.3763e-03 3.1250e-03 2.7821e-03 2.4481e-03 2.1606e-03 1.8199e-03 1.4890e-03 1.1702e-03 9.0477e-04 7.1226e-04 5.3497e-04 4.1200e-04 3.0033e-04 2.2383e-04 9.5784e-05 1.8620e-05 3.4755e-06 6.0442e-07 2.7273e-07 3.0840e-07 2.7126e-07 2.4052e-07 2.0278e-07 1.8040e-07 1.4815e-07 1.2217e-07 8.9129e-08 7.2291e-08 4.8601e-08 3.7187e-08 3.5082e-08 2.3258e-08 1.3795e-08 8.0563e-09
3.2891e-03 3.0214e-03 2.9080e-03 2.7768e-03 2.6393e-03 2.5113e-03 2.3860e-03 2.1881e-03 1.9596e-03 1.7596e-03 1.5443e-03 1.2896e-03 1.0596e-03 8.6762e-04 6.8206e-04 5.3678e-04 4.0852e-04 3.1143e-04 2.3898e-04 1.7932e-04 7.3915e-05 1.5553e-05 2.6876e-06 5.0064e-07 3.5919e-07 3.6693e-07 3.5522e-07 3.4709e-07 3.2055e-07 2.6242e-07 2.0088e-07 1.3989e-07 1.0334e-07 8.6637e-08 6.2525e-08 5.3377e-08 3.7773e-08 2.3918e-08 1.4061e-08 7.5000e-09
2.3371e-03 2.1577e-03 2.0812e-03 1.9508e-03 1.8650e-03 1.7709e-03 1.6959e-03 1.5146e-03 1.3949e-03 1.2407e-03 1.0679e-03 9.1798e-04 7.6202e-04 6.1926e-04 5.1898e-04 4.0656e-04 3.1366e-04 2.4285e-04 1.9007e-04 1.4333e-04 6.0845e-05 1.2158e-05 2.1252e-06 4.0954e-07 5.3472e-07 5.5736e-07 5.5829e-07 5.0816e-07 4.1020e-07 3.6217e-07 2.6139e-07 1.7255e-07 1.1630e-07 9.6782e-08 7.3691e-08 4.4501e-08 2.9311e-08 2.3804e-08 1.4909e-08 8.2698e-09
1.6933e-03 1.5119e-03 1.4526e-03 1.3950e-03 1.3071e-03 1.2252e-03 1.1633e-03 1.0847e-03 9.7881e-04 8.8154e-04 7.5758e-04 6.5329e-04 5.5018e-04 4.6043e-04 3.7903e-04 3.0870e-04 2.4115e-04 1.8681e-04 1.4744e-04 1.1422e-04 4.7750e-05 1.0157e-05 1.8899e-06 5.8962e-07 9.0172e-07 9.7406e-07 9.0070e-07 7.1522e-07 6.3129e-07 4.5087e-07 3.3244e-07 2.0951e-07 1.3080e-07 8.7241e-08 5.9376e-08 3.8375e-08 2.7413e-08 2.1691e-08 1.5442e-08 8.6176e-09
1.1594e-03 1.0834e-03 1.0119e-03 9.7318e-04 9.3042e-04 8.6337e-04 8.2191e-04 7.5584e-04 6.8822e-04 6.2471e-04 5.5137e-04 4.6564e-04 3.9524e-04 3.3422e-04 2.7199e-04 2.2124e-04 1.7748e-04 1.4226e-04 1.1014e-04 8.4282e-05 3.7151e-05 9.3544e-06 3.6103e-06 2.0098e-06 1.9362e-06 1.7657e-06 1.2548e-06 8.5854e-07 6.0231e-07 4.3892e-07 3.0236e-07 1.9561e-07 1.2867e-07 8.8324e-08 6.0012e-08 4.0276e-08 2.7537e-08 2.0102e-08 1.3655e-08 8.1672e-09
8.2758e-04 7.7057e-04 7.0932e-04 6.8429e-04 6.5333e-04 6.1991e-04 5.8258e-04 5.3150e-04 4.9380e-04 4.4557e-04 3.7789e-04 3.4450e-04 2.8446e-04 2.3896e-04 2.0332e-04 1.6048e-04 1.3246e-04 1.0456e-04 8.4324e-05 6.1250e-05 3.8195e-05 1.8397e-05 9.9099e-06 5.9672e-06 3.7789e-06 2.3539e-06 1.4924e-06 9.7109e-07 6.7761e-07 4.6688e-07 3.1732e-07 2.0542e-07 1.3721e-07 9.4614e-08 6.4927e-08 4.3264e-08 2.8912e-08 1.9552e-08 1.4527e-08 8.2151e-09
5.7168e-04 5.2936e-04 4.9806e-04 4.8554e-04 4.5992e-04 4.2612e-04 4.1623e-04 3.7822e-04 3.5087e-04 3.1173e-04 2.7092e-04 2.3968e-04 2.0407e-04 1.7043e-04 1.4586e-04 1.1784e-04 9.8087e-05 7.5646e-05 6.2734e-05 4.7620e-05 3.1898e-05 1.9679e-05 1.1346e-05 6.7903e-06 4.3661e-06 2.7698e-06 1.8002e-06 1.1439e-06 7.6856e-07 5.1624e-07 3.4170e-07 2.2656e-07 1.5123e-07 1.0375e-07 6.9264e-08 4.6501e-08 3.0653e-08 2.0412e-08 1.3966e-08 8.3972e-09
4.0855e-04 3.6474e-04 3.4875e-04 3.3474e-04 3.2378e-04 3.0091e-04 2.8749e-04 2.6505e-04 2.3989e-04 2.2272e-04 1.9106e-04 1.6632e-04 1.4543e-04 1.2303e-04 1.0470e-04 8.6368e-05 7.1026e-05 5.7523e-05 4.5396e-05 3.5559e-05 2.5945e-05 1.7155e-05 1.0878e-05 6.9683e-06 4.7842e-06 3.0384e-06 1.9177e-06 1.2242e-06 8.3087e-07 5.4969e-07 3.6749e-07 2.4235e-07 1.6111e-07 1.0966e-07 7.6022e-08 4.9490e-08 3.3010e-08 2.1374e-08 1.4509e-08 8.4929e-09
2.7875e-04 2.5648e-04 2.4368e-04 2.3756e-04 2.2665e-04 2.0999e-04 1.9818e-04 1.8491e-04 1.7118e-04 1.6018e-04 1.3650e-04 1.1916e-04 1.0469e-04 8.9239e-05 7.5743e-05 6.4414e-05 5.3246e-05 4.2815e-05 3.3209e-05 2.6326e-05 2.0797e-05 1.4911e-05 9.7020e-06 6.8115e-06 4.4945e-06 2.8925e-06 1.9874e-06 1.3151e-06 8.8302e-07 5.6475e-07 3.8085e-07 2.4878e-07 1.6371e-07 1.0831e-07 7.3004e-08 5.0762e-08 3.3940e-08 2.2586e-08 1.4538e-08 8.8942e-09
1.9649e-04 1.8303e-04 1.7639e-04 1.6523e-04 1.6035e-04 1.4888e-04 1.3833e-04 1.2831e-04 1.2133e-04 1.1085e-04 9.5590e-05 8.4718e-05 7.3623e-05 6.4198e-05 5.5172e-05 4.7701e-05 3.8492e-05 3.0790e-05 2.4501e-05 1.9956e-05 1.5798e-05 1.1832e-05 8.6543e-06 5.8888e-06 3.9119e-06 2.6176e-06 1.7963e-06 1.2635e-06 8.3264e-07 5.2582e-07 3.4807e-07 2.3834e-07 1.5995e-07 1.0604e-07 7.2604e-08 5.2509e-08 3.7513e-08 2.4873e-08 1.5232e-08 8.9739e-09
1.4208e-04 1.2630e-04 1.2186e-04 1.1497e-04 1.0840e-04 1.0325e-04 9.6778e-05 9.0298e-05 8.4584e-05 7.8710e-05 6.9311e-05 6.0254e-05 5.2131e-05 4.7030e-05 4.0303e-05 3.3530e-05 2.7465e-05 2.2176e-05 1.8189e-05 1.4421e-05 1.1824e-05 9.1926e-06 6.9796e-06 4.9565e-06 3.2541e-06 2.2245e-06 1.5672e-06 1.0769e-06 7.2597e-07 4.7831e-07 3.2364e-07 2.2905e-07 1.6354e-07 1.1829e-07 7.9620e-08 5.7182e-08 3.9485e-08 2.4245e-08 1.5356e-08 9.1540e-09
9.8500e-05 8.8011e-05 8.5276e-05 8.1707e-05 7.6767e-05 7.1972e-05 6.7865e-05 6.4770e-05 6.0952e-05 5.5874e-05 5.0850e-05 4.4426e-05 3.7684e-05 3.3354e-05 2.8716e-05 2.4104e-05 1.9709e-05 1.6748e-05 1.3396e-05 1.0509e-05 8.3812e-06 6.7614e-06 5.3224e-06 3.8920e-06 2.6941e-06 1.8629e-06 1.3090e-06 9.3140e-07 6.3476e-07 4.3317e-07 3.3805e-07 2.3243e-07 1.6429e-07 1.3789e-07 8.9097e-08 5.4768e-08 3.5127e-08 2.4500e-08 1.6025e-08 9.3054e-09
6.9487e-05 6.2476e-05 6.0451e-05 5.8002e-05 5.3638e-05 5.0592e-05 4.7208e-05 4.6033e-05 4.3119e-05 3.8689e-05 3.5341e-05 3.1442e-05 2.7746e-05 2.3911e-05 2.0286e-05 1.7388e-05 1.4498e-05 1.2026e-05 9.7442e-06 7.8665e-06 6.2415e-06 5.0066e-06 3.8767e-06 2.9821e-06 2.1629e-06 1.5739e-06 1.1206e-06 8.0115e-07 5.6281e-07 3.9425e-07 2.8362e-07 1.9314e-07 1.3984e-07 1.0461e-07 7.2030e-08 4.7815e-08 3.1780e-08 2.1501e-08 1.6001e-08 9.3955e-09
4.8655e-05 4.3408e-05 4.1904e-05 4.1065e-05 3.7815e-05 3.5384e-05 3.2736e-05 3.1485e-05 2.9579e-05 2.7887e-05 2.4217e-05 2.1335e-05 1.9547e-05 1.7087e-05 1.4342e-05 1.2396e-05 1.0211e-05 8.5626e-06 7.1573e-06 5.8967e-06 4.5425e-06 3.7405e-06 2.9160e-06 2.2620e-06 1.7675e-06 1.4318e-06 9.8510e-07 6.5128e-07 4.6592e-07 3.3693e-07 2.3953e-07 1.6306e-07 1.1440e-07 8.2590e-08 5.8015e-08 4.2060e-08 2.8716e-08 1.9753e-08 1.3334e-08 8.1279e-09
3.3692e-05 3.0946e-05 2.9560e-05 2.9480e-05 2.6004e-05 2.4788e-05 2.3206e-05 2.2300e-05 2.0519e-05 1.8952e-05 1.6863e-05 1.4971e-05 1.3776e-05 1.2044e-05 1.0155e-05 8.6334e-06 7.4175e-06 6.1435e-06 5.2088e-06 4.3711e-06 3.4538e-06 2.6844e-06 2.2040e-06 1.7858e-06 1.3983e-06 1.0353e-06 7.9908e-07 5.4916e-07 3.7956e-07 2.6941e-07 1.9682e-07 1.4146e-07 9.7721e-08 6.9953e-08 4.8406e-08 3.5566e-08 2.6472e-08 1.7641e-08 1.1517e-08 7.6073e-09
2.3953e-05 2.1990e-05 2.0862e-05 1.9822e-05 1.8006e-05 1.7440e-05 1.6407e-05 1.5587e-05 1.4396e-05 1.3560e-05 1.1993e-05 1.0905e-05 9.9390e-06 8.4152e-06 7.3803e-06 6.1708e-06 5.2690e-06 4.4471e-06 3.7859e-06 3.1745e-06 2.5187e-06 2.1351e-06 1.6779e-06 1.3522e-06 1.0778e-06 7.9792e-07 5.9413e-07 4.3856e-07 3.1570e-07 2.2268e-07 1.5732e-07 1.1370e-07 8.3294e-08 5.8101e-08 4.4090e-08 3.1019e-08 2.0783e-08 1.5188e-08 1.0577e-08 6.4467e-09
1.7404e-05 1.5363e-05 1.4538e-05 1.3763e-05 1.2692e-05 1.2200e-05 1.1299e-05 1.1025e-05 1.0108e-05 9.5689e-06 8.8901e-06 8.0487e-06 7.0621e-06 6.1085e-06 5.3911e-06 4.7984e-06 3.8116e-06 3.1343e-06 2.7025e-06 2.2445e-06 1.8418e-06 1.4791e-06 1.2903e-06 1.1231e-06 8.1313e-07 6.2869e-07 4.5886e-07 3.3472e-07 2.4595e-07 1.7813e-07 1.3006e-07 9.3679e-08 7.0230e-08 5.0925e-08 3.8728e-08 2.6374e-08 1.7843e-08 1.2308e-08 8.4763e-09 5.9883e-09
1.2142e-05 1.0918e-05 1.0200e-05 9.9799e-06 9.2271e-06 8.9114e-06 7.8106e-06 7.5308e-06 7.3616e-06 7.0341e-06 6.4662e-06 5.8264e-06 4.9717e-06 4.5275e-06 3.7549e-06 3.3227e-06 2.8326e-06 2.2954e-06 1.9319e-06 1.6229e-06 1.3487e-06 1.0493e-06 8.8148e-07 7.5469e-07 6.7135e-07 5.2096e-07 3.7540e-07 2.6668e-07 1.9877e-07 1.4187e-07 1.0624e-07 7.9307e-08 7.1934e-08 4.8536e-08 3.4067e-08 2.2521e-08 1.5655e-08 1.0606e-08 7.0687e-09 4.4988e-09
8.4168e-06 7.9043e-06 7.5236e-06 7.1153e-06 6.5929e-06 6.3809e-06 5.6041e-06 5.0860e-06 5.1377e-06 4.7238e-06 4.5471e-06 4.0694e-06 3.5865e-06 3.1660e-06 2.6528e-06 2.3127e-06 1.9923e-06 1.7552e-06 1.3909e-06 1.1607e-06 9.9315e-07 7.7925e-07 6.2696e-07 5.1980e-07 4.6265e-07 3.8084e-07 3.5991e-07 2.3421e-07 1.7166e-07 1.2484e-07 9.1181e-08 7.0068e-08 5.4879e-08 4.6279e-08 3.2531e-08 2.0763e-08 1.4228e-08 9.7002e-09 6.6190e-09 4.3550e-09
5.8187e-06 5.6398e-06 5.4192e-06 5.0259e-06 4.6198e-06 4.4628e-06 3.9175e-06 3.5550e-06 3.4495e-06 3.3330e-06 3.1669e-06 2.7932e-06 2.4561e-06 2.1900e-06 1.8304e-06 1.6592e-06 1.4055e-06 1.2715e-06 1.1192e-06 8.9895e-07 7.6883e-07 6.1074e-07 4.6979e-07 3.7796e-07 3.2455e-07 2.7835e-07 2.6231e-07 2.0648e-07 1.4437e-07 1.0578e-07 8.2209e-08 7.2399e-08 5.1295e-08 4.0439e-08 3.1295e-08 2.0711e-08 1.3295e-08 8.9289e-09 6.0503e-09 4.1644e-09
4.0332e-06 3.9451e-06 3.7986e-06 3.5415e-06 3.1678e-06 3.2606e-06 2.7484e-06 2.5423e-06 2.4168e-06 2.3381e-06 2.1210e-06 1.9904e-06 1.7065e-06 1.5036e-06 1.2966e-06 1.1476e-06 1.0038e-06 9.0699e-07 8.4831e-07 7.4167e-07 5.6058e-07 4.6009e-07 3.5848e-07 3.0838e-07 2.4207e-07 2.0694e-07 2.2826e-07 2.0844e-07 1.3994e-07 1.0220e-07 7.7832e-08 6.2086e-08 5.3021e-08 3.8429e-08 2.8065e-08 1.8443e-08 1.1727e-08 7.5844e-09 5.3687e-09 3.2580e-09
2.9655e-06 2.8401e-06 2.6444e-06 2.4947e-06 2.3551e-06 2.2906e-06 1.9795e-06 1.8097e-06 1.7548e-06 1.6983e-06 1.4555e-06 1.4148e-06 1.2955e-06 1.1488e-06 9.4725e-07 8.2083e-07 7.3679e-07 6.6241e-07 6.4056e-07 5.5585e-07 4.1698e-07 3.4408e-07 2.8144e-07 2.2778e-07 1.8965e-07 1.8010e-07 1.7830e-07 1.4045e-07 1.0336e-07 7.4823e-08 5.7315e-08 4.4855e-08 3.9178e-08 3.3466e-08 2.3673e-08 1.6070e-08 1.0543e-08 7.3844e-09 5.0640e-09 2.7652e-09
2.0486e-06 1.9844e-06 1.7997e-06 1.7917e-06 1.6727e-06 1.7799e-06 1.4669e-06 1.2762e-06 1.1788e-06 1.1026e-06 1.0048e-06 9.4828e-07 8.6333e-07 8.0983e-07 7.6843e-07 6.0843e-07 5.2112e-07 4.7530e-07 4.5615e-07 3.8618e-07 3.1672e-07 2.5226e-07 2.3229e-07 1.7513e-07 1.3548e-07 1.1740e-07 1.1441e-07 8.9348e-08 6.9420e-08 5.3786e-08 3.9109e-08 3.1415e-08 2.5024e-08 2.1313e-08 1.7429e-08 1.2411e-08 8.8478e-09 5.7049e-09 3.8292e-09 2.3625e-09
1.4655e-06 1.3134e-06 1.1892e-06 1.1876e-06 1.0868e-06 1.0997e-06 1.0158e-06 8.7805e-07 7.6843e-07 7.1153e-07 6.6241e-07 6.1560e-07 5.7557e-07 5.3354e-07 5.0007e-07 5.2081e-07 3.8627e-07 3.4011e-07 3.2587e-07 2.7207e-07 2.2324e-07 1.7350e-07 1.5231e-07 1.2422e-07 9.5775e-08 8.0451e-08 6.9615e-08 5.6914e-08 4.7955e-08 3.6332e-08 2.7894e-08 2.1149e-08 1.7150e-08 1.2813e-08 1.0472e-08 9.0344e-09 6.4109e-09 4.3758e-09 2.8424e-09 1.7885e-09
8.8435e-07 8.3024e-07 7.2379e-07 6.9485e-07 6.4499e-07 6.1623e-07 5.9832e-07 5.2120e-07 4.5906e-07 4.2592e-07 3.9795e-07 3.8447e-07 3.4961e-07 3.2259e-07 2.9809e-07 3.0233e-07 2.8430e-07 2.5244e-07 2.1619e-07 1.7265e-07 1.4472e-07 1.0788e-07 8.7068e-08 7.3855e-08 5.7813e-08 4.7609e-08 4.1330e-08 3.3607e-08 2.8710e-08 2.2960e-08 1.6672e-08 1.4171e-08 1.0283e-08 8.4663e-09 6.3904e-09 5.0435e-09 3.9092e-09 2.8693e-09 1.7896e-09 1.1496e-09
