9.9944e-01 1.0000e+00 9.8240e-01 9.7715e-01 9.5932e-01 9.2763e-01 8.9401e-01 8.4014e-01 7.6334e-01 6.2273e-01 3.9870e-01 2.5499e-01 1.7548e-01 1.2166e-01 8.2159e-02 5.7163e-02 3.8519e-02 2.6533e-02 1.9043e-02 1.3729e-02 5.0149e-03 9.8561e-04 1.9832e-04 2.2548e-05 3.7845e-06 2.4014e-06 3.2707e-06 2.9097e-06 1.9362e-06 1.6709e-06 1.3279e-06 1.3888e-06 2.2114e-07 1.7389e-07 2.0122e-07 2.8149e-07 6.2935e-08 1.2439e-08 1.0405e-08 7.1271e-09
9.8717e-01 9.8583e-01 9.7526e-01 9.6983e-01 9.5015e-01 9.2531e-01 8.9626e-01 8.3451e-01 7.5430e-01 6.1801e-01 3.9791e-01 2.5452e-01 1.7645e-01 1.1942e-01 7.9138e-02 5.4108e-02 3.9008e-02 2.8339e-02 1.9937e-02 1.3231e-02 5.3717e-03 1.0126e-03 1.0267e-04 1.6516e-05 4.2006e-06 3.7271e-06 3.0545e-06 3.4180e-06 2.1428e-06 1.0478e-06 7.3308e-07 1.3865e-06 8.7943e-07 8.2124e-08 9.4630e-08 1.8445e-07 1.6088e-07 1.6976e-08 1.5246e-09 5.2027e-09
9.7971e-01 9.8462e-01 9.8817e-01 9.6467e-01 9.4446e-01 9.2077e-01 8.9015e-01 8.3819e-01 7.5000e-01 6.1821e-01 3.9121e-01 2.5738e-01 1.7213e-01 1.2052e-01 8.1200e-02 5.4706e-02 3.9523e-02 2.6770e-02 1.8664e-02 1.3103e-02 5.0943e-03 7.4414e-04 8.4852e-05 1.2044e-05 5.7309e-06 2.8357e-06 2.2378e-06 1.8879e-06 9.7581e-07 1.1772e-06 5.4426e-07 3.3931e-07 6.2188e-07 7.5552e-08 1.5517e-07 7.4111e-08 1.3294e-07 2.0697e-08 5.5739e-09 5.5445e-09
9.6841e-01 9.7509e-01 9.6704e-01 9.5749e-01 9.4157e-01 9.1446e-01 8.8276e-01 8.3673e-01 7.4325e-01 6.0646e-01 3.9086e-01 2.5358e-01 1.6853e-01 1.1406e-01 7.7081e-02 5.2619e-02 3.7193e-02 2.5928e-02 1.7342e-02 1.2525e-02 4.7454e-03 7.3648e-04 8.8519e-05 2.0346e-05 5.2386e-06 4.4806e-06 3.9527e-06 1.8069e-06 5.2949e-07 7.8984e-07 6.6487e-07 5.9122e-07 2.4187e-07 2.2717e-08 2.1921e-07 1.3429e-07 1.9978e-07 6.0136e-08 3.2678e-08 2.0499e-08
9.5487e-01 9.5598e-01 9.4424e-01 9.3752e-01 9.2505e-01 9.0293e-01 8.7747e-01 8.1849e-01 7.3559e-01 5.9929e-01 3.8110e-01 2.4781e-01 1.6598e-01 1.1006e-01 7.5131e-02 5.0928e-02 3.5891e-02 2.4580e-02 1.7342e-02 1.1487e-02 4.4525e-03 7.7829e-04 1.4611e-04 2.3674e-05 6.0219e-06 3.5666e-06 2.0759e-06 3.1204e-06 1.2759e-06 1.0339e-06 9.9427e-07 8.9870e-07 1.3349e-07 6.9911e-08 2.5348e-07 7.2593e-08 2.3557e-07 3.3968e-08 1.7925e-09 4.3333e-10
9.3652e-01 9.3091e-01 9.2803e-01 9.1491e-01 9.0008e-01 8.8583e-01 8.5310e-01 8.0079e-01 7.1798e-01 5.8091e-01 3.6946e-01 2.3611e-01 1.6081e-01 1.0708e-01 7.2611e-02 5.1472e-02 3.5808e-02 2.3795e-02 1.6158e-02 1.1982e-02 4.2511e-03 7.4864e-04 1.0319e-04 2.0769e-05 4.2744e-06 2.5521e-06 1.3022e-06 1.7596e-06 1.6100e-06 7.5187e-07 3.7161e-07 2.2204e-07 2.0993e-07 5.0403e-08 3.7170e-07 2.9801e-07 2.4577e-07 1.5916e-08 1.1776e-08 2.7502e-09
9.1067e-01 9.0733e-01 8.9819e-01 8.8811e-01 8.6143e-01 8.5208e-01 8.1284e-01 7.6572e-01 6.8753e-01 5.6023e-01 3.5439e-01 2.3114e-01 1.5411e-01 9.9208e-02 6.7429e-02 4.6775e-02 3.1841e-02 2.0859e-02 1.5202e-02 1.0798e-02 4.0723e-03 7.6667e-04 1.4024e-04 1.4733e-05 4.1925e-06 3.1562e-06 3.1575e-06 2.0751e-06 9.3779e-07 6.6614e-07 4.1524e-07 3.2426e-06 1.3459e-07 4.0178e-08 4.6405e-08 4.3202e-08 9.2137e-08 3.2087e-07 1.3277e-08 1.9819e-08
8.4368e-01 8.4065e-01 8.5136e-01 8.2292e-01 8.0848e-01 8.1000e-01 7.6721e-01 7.2567e-01 6.4916e-01 5.3167e-01 3.2618e-01 2.1110e-01 1.4098e-01 9.2638e-02 6.3509e-02 4.2578e-02 2.8643e-02 1.9971e-02 1.3039e-02 9.6303e-03 3.7175e-03 7.2677e-04 1.1700e-04 2.0241e-05 3.6241e-06 3.0424e-06 1.5535e-06 1.1787e-06 2.1856e-06 2.9053e-06 2.5984e-06 3.8785e-06 4.3116e-07 4.0412e-07 7.0423e-08 4.2623e-08 4.2363e-08 3.3867e-07 5.2793e-08 3.9622e-09
7.4819e-01 7.5012e-01 7.5707e-01 7.3307e-01 7.3060e-01 7.1746e-01 6.8437e-01 6.4953e-01 5.8536e-01 4.8173e-01 2.9594e-01 1.8235e-01 1.1864e-01 8.2105e-02 5.6833e-02 3.8365e-02 2.6484e-02 1.8547e-02 1.2562e-02 8.9228e-03 3.5480e-03 5.9181e-04 1.0532e-04 9.5932e-06 1.7073e-06 3.7078e-06 3.9160e-06 2.9516e-06 1.9316e-06 2.3157e-07 1.1883e-07 3.5188e-06 1.2533e-07 9.8852e-08 3.5379e-07 3.3017e-07 3.4117e-07 3.5962e-07 3.4615e-07 2.7190e-09
6.0012e-01 6.1836e-01 6.1640e-01 5.9843e-01 6.0475e-01 5.9229e-01 5.5015e-01 5.2735e-01 4.8621e-01 3.9817e-01 2.4251e-01 1.5551e-01 1.0340e-01 7.2080e-02 4.9187e-02 3.3721e-02 2.2737e-02 1.5165e-02 1.0881e-02 7.6324e-03 2.8808e-03 4.9713e-04 6.3970e-05 1.5005e-05 4.8952e-06 2.4455e-06 1.2848e-06 4.6773e-07 3.4625e-07 3.9114e-07 1.6669e-06 1.3851e-06 9.0377e-08 4.0057e-08 4.4879e-08 2.2281e-08 2.2245e-08 4.4514e-08 2.2536e-08 1.4060e-08
3.8765e-01 3.9950e-01 3.9501e-01 3.8832e-01 3.8345e-01 3.7191e-01 3.4421e-01 3.2695e-01 2.9616e-01 2.3899e-01 1.7173e-01 1.2162e-01 8.4243e-02 5.7629e-02 4.0723e-02 3.0904e-02 2.0740e-02 1.3892e-02 9.6397e-03 7.0677e-03 2.5785e-03 4.2646e-04 5.9687e-05 1.0341e-05 3.4771e-06 3.1294e-06 2.6558e-06 1.7220e-06 2.9329e-07 9.9967e-07 1.9608e-06 8.8663e-08 4.3636e-08 5.6569e-08 4.4222e-08 2.1223e-08 3.1405e-08 4.9891e-08 9.5715e-09 1.2443e-08
2.5778e-01 2.6378e-01 2.6128e-01 2.4861e-01 2.4966e-01 2.4292e-01 2.2349e-01 2.0885e-01 1.8316e-01 1.5068e-01 1.1727e-01 8.9074e-02 6.5484e-02 4.5660e-02 3.3090e-02 2.3530e-02 1.6890e-02 1.1076e-02 8.6138e-03 5.9780e-03 2.3718e-03 4.9382e-04 9.2590e-05 5.6214e-06 2.2006e-06 1.1856e-06 1.4532e-06 6.8812e-07 1.5630e-06 2.0583e-06 1.7376e-07 1.1085e-07 2.1788e-07 2.4121e-08 3.5379e-08 4.0554e-08 6.0014e-08 1.6504e-08 1.2228e-08 1.0463e-06
1.7871e-01 1.7264e-01 1.7359e-01 1.6920e-01 1.6437e-01 1.6161e-01 1.4953e-01 1.3733e-01 1.2208e-01 1.0281e-01 8.0622e-02 6.5149e-02 4.8255e-02 3.5432e-02 2.5957e-02 1.9195e-02 1.3406e-02 9.9214e-03 6.8039e-03 4.9241e-03 1.7286e-03 2.7861e-04 3.6181e-05 4.1434e-06 1.3354e-06 6.1323e-07 6.9334e-07 3.1936e-07 3.6132e-07 5.3309e-07 1.3446e-07 6.5625e-07 7.7826e-07 5.4705e-08 3.2901e-08 5.6522e-08 2.3001e-08 4.2893e-08 8.7608e-07 1.8287e-06
1.1955e-01 1.1992e-01 1.1677e-01 1.1540e-01 1.1360e-01 1.0740e-01 1.0050e-01 9.0711e-02 8.1716e-02 7.0750e-02 5.7625e-02 4.5026e-02 3.6052e-02 2.7906e-02 2.0648e-02 1.5340e-02 1.0858e-02 7.7490e-03 5.6594e-03 3.9889e-03 1.3457e-03 3.3066e-04 4.2855e-05 6.1571e-06 1.4477e-06 3.4418e-07 1.0432e-06 6.0186e-07 4.9946e-07 1.1966e-06 9.2670e-07 1.4176e-06 3.1174e-07 1.0496e-07 1.1945e-07 1.2123e-07 1.0567e-07 7.0063e-07 2.0348e-06 3.5881e-08
8.0683e-02 8.0386e-02 7.8153e-02 7.6387e-02 7.7347e-02 7.2446e-02 6.9148e-02 6.2332e-02 5.6493e-02 4.8007e-02 4.0209e-02 3.2238e-02 2.6189e-02 2.0622e-02 1.5016e-02 1.1808e-02 8.1007e-03 6.5136e-03 4.3942e-03 3.0064e-03 1.2511e-03 2.0820e-04 2.2287e-05 3.6980e-06 2.3322e-06 2.4680e-06 1.3255e-05 7.7040e-07 8.0384e-07 1.6633e-06 1.4115e-06 6.3948e-07 1.8071e-07 1.1921e-07 1.1549e-07 3.0728e-08 5.3960e-07 2.2338e-06 1.0664e-08 6.3777e-10
5.5627e-02 5.4261e-02 5.3484e-02 5.3940e-02 5.1001e-02 4.9335e-02 4.8231e-02 4.1923e-02 3.8342e-02 3.4240e-02 2.8705e-02 2.3745e-02 1.8855e-02 1.4821e-02 1.1479e-02 9.2451e-03 6.4555e-03 5.0633e-03 3.8545e-03 2.6650e-03 8.6870e-04 1.2012e-04 2.4057e-05 2.3564e-06 2.0888e-06 8.7328e-06 3.8752e-06 2.9102e-06 1.5426e-06 2.1066e-06 4.2050e-06 3.6382e-06 3.1038e-06 2.5727e-06 1.2243e-07 3.4938e-07 2.3809e-06 2.7606e-08 2.0756e-08 3.4737e-08
3.8313e-02 3.8081e-02 3.7766e-02 3.8280e-02 3.6193e-02 3.5055e-02 3.2014e-02 2.8786e-02 2.7005e-02 2.2904e-02 1.9552e-02 1.5911e-02 1.3273e-02 1.0672e-02 8.7347e-03 6.7660e-03 4.9323e-03 3.6155e-03 2.8735e-03 2.2350e-03 9.2049e-04 1.1269e-04 1.3413e-05 3.9076e-06 4.7342e-06 6.0200e-06 1.3204e-06 6.3493e-06 1.1286e-05 1.4935e-05 3.3987e-06 7.2740e-07 9.3748e-07 4.3827e-06 1.3190e-06 3.7079e-06 1.1031e-06 7.5363e-07 4.4858e-08 4.0296e-09
2.6142e-02 2.7097e-02 2.6556e-02 2.5784e-02 2.4918e-02 2.3444e-02 2.1893e-02 1.9866e-02 1.8538e-02 1.5931e-02 1.3467e-02 1.1263e-02 9.1228e-03 7.7106e-03 6.6291e-03 5.0005e-03 3.9697e-03 3.2120e-03 2.6271e-03 1.7766e-03 7.3718e-04 9.2503e-05 8.2845e-06 1.5153e-06 1.1477e-05 4.0869e-06 3.2731e-06 6.2658e-06 4.8373e-06 1.4506e-05 4.9110e-06 2.1442e-06 1.9151e-06 4.3284e-06 3.1231e-06 1.6222e-07 1.0657e-07 9.5882e-07 5.0249e-07 3.6955e-09
1.8320e-02 1.8085e-02 1.7531e-02 1.7926e-02 1.7253e-02 1.6242e-02 1.5605e-02 1.3909e-02 1.3104e-02 1.1305e-02 8.8664e-03 8.4116e-03 6.8125e-03 5.7787e-03 4.6841e-03 3.4031e-03 2.8976e-03 2.3012e-03 1.8491e-03 1.5061e-03 7.2930e-04 9.8615e-05 7.5533e-06 5.5893e-06 1.2749e-05 7.1542e-06 2.3356e-05 2.7534e-05 3.5217e-05 1.7086e-05 1.4264e-05 1.7021e-06 7.2918e-07 4.0094e-07 1.3145e-07 9.3157e-08 6.1273e-08 5.1941e-07 5.2429e-07 7.9498e-10
1.3015e-02 1.2612e-02 1.1540e-02 1.2784e-02 1.2056e-02 1.1618e-02 1.0836e-02 9.9799e-03 9.1576e-03 8.1704e-03 6.4821e-03 5.3078e-03 4.8301e-03 3.9487e-03 3.5638e-03 2.5554e-03 2.2579e-03 1.6788e-03 1.3261e-03 1.2348e-03 4.9607e-04 7.9702e-05 2.5881e-05 1.7326e-05 2.9072e-05 4.2804e-05 9.8552e-06 1.3009e-05 5.6477e-06 6.9880e-06 2.1983e-06 6.5299e-07 3.6012e-07 5.3325e-07 1.5686e-07 1.2598e-07 1.1129e-07 2.6053e-07 1.1762e-07 2.3373e-09
8.7177e-03 9.1965e-03 9.1535e-03 8.6648e-03 8.9939e-03 8.2648e-03 8.0643e-03 7.0224e-03 6.1033e-03 5.5498e-03 4.9277e-03 3.9722e-03 3.6563e-03 2.7732e-03 2.4163e-03 1.8333e-03 1.5771e-03 1.5124e-03 8.8761e-04 7.3481e-04 3.7472e-04 1.6633e-04 7.4990e-05 6.5521e-05 5.8731e-05 1.7923e-05 1.4156e-05 1.0111e-05 7.8181e-06 4.5329e-06 1.4027e-06 7.1762e-07 2.8761e-07 2.3267e-07 3.3586e-07 1.7369e-07 5.5094e-08 3.5898e-08 2.6323e-07 1.2001e-08
6.1341e-03 5.9574e-03 6.3992e-03 6.0984e-03 6.2788e-03 5.7504e-03 5.4193e-03 5.2253e-03 4.3602e-03 3.8442e-03 3.2863e-03 2.5046e-03 2.6608e-03 2.2864e-03 1.7245e-03 1.3237e-03 1.0275e-03 1.0391e-03 7.9309e-04 5.0399e-04 2.7431e-04 1.6590e-04 8.4191e-05 3.9969e-05 7.0357e-05 2.3506e-05 1.4271e-05 1.1547e-05 7.2327e-06 4.0620e-06 2.2809e-06 6.8108e-07 7.7578e-07 7.6175e-07 2.4149e-07 1.3806e-07 5.9280e-08 7.8924e-08 1.5891e-07 3.4727e-08
4.0760e-03 3.9897e-03 4.4762e-03 4.2661e-03 4.1783e-03 4.0803e-03 3.7778e-03 3.2748e-03 3.0847e-03 2.7140e-03 2.2941e-03 2.0691e-03 1.6015e-03 1.6326e-03 1.2258e-03 1.0543e-03 7.5755e-04 6.7398e-04 5.8707e-04 4.2040e-04 2.9957e-04 1.9557e-04 9.3042e-05 4.0583e-05 7.7803e-05 3.4877e-05 1.2430e-05 1.0027e-05 7.5285e-06 5.0720e-06 2.3995e-06 8.9531e-07 1.1243e-06 1.0596e-06 7.8143e-07 6.5148e-08 1.2670e-07 1.3089e-08 1.4319e-07 2.3133e-08
3.0202e-03 2.7715e-03 2.8852e-03 2.9097e-03 2.6788e-03 2.3471e-03 2.4829e-03 2.4522e-03 2.4682e-03 1.9150e-03 1.4560e-03 1.4070e-03 1.2246e-03 1.1731e-03 9.5676e-04 8.5713e-04 6.3258e-04 5.0141e-04 3.3894e-04 3.7533e-04 3.2245e-04 2.0144e-04 1.1039e-04 1.1608e-04 5.7137e-05 2.9640e-05 2.9765e-05 1.2928e-05 9.3702e-06 4.1730e-06 3.3473e-06 1.2921e-06 5.4468e-07 3.4740e-07 3.4618e-07 3.5653e-07 7.8173e-08 4.3719e-08 3.8031e-08 6.4832e-08
2.2014e-03 1.7457e-03 1.9874e-03 2.0116e-03 1.9736e-03 1.6237e-03 1.5841e-03 1.4626e-03 1.6658e-03 1.5624e-03 9.3504e-04 1.0394e-03 8.5163e-04 8.1953e-04 8.3427e-04 5.6028e-04 4.1274e-04 4.3488e-04 2.7120e-04 2.5105e-04 3.0195e-04 1.1162e-04 1.3547e-04 5.3280e-05 3.0687e-05 1.8641e-05 2.3852e-05 2.6050e-05 4.7173e-06 1.5313e-06 8.5700e-07 1.3183e-06 1.1211e-06 2.6555e-07 2.9357e-07 5.5607e-07 5.7324e-07 3.1742e-07 1.5678e-08 5.9916e-08
1.6449e-03 1.1667e-03 1.1924e-03 1.3428e-03 1.2063e-03 1.2295e-03 1.2239e-03 1.1699e-03 1.1685e-03 1.1630e-03 8.7984e-04 7.6933e-04 5.9120e-04 6.5558e-04 5.5617e-04 4.9895e-04 2.5795e-04 2.2207e-04 1.7029e-04 1.2790e-04 1.5392e-04 1.3727e-04 8.8112e-05 3.6185e-05 1.8951e-05 1.7485e-05 1.2153e-05 7.7418e-06 3.2451e-06 1.7978e-06 1.3356e-06 2.0989e-06 2.2459e-06 8.6582e-07 6.9990e-07 1.2394e-06 5.4509e-07 3.8598e-08 2.9228e-08 1.4460e-08
1.0849e-03 8.2980e-04 8.6708e-04 8.6065e-04 8.6164e-04 8.3257e-04 7.6813e-04 9.0468e-04 8.7461e-04 6.7988e-04 6.8016e-04 5.5452e-04 4.6910e-04 4.0989e-04 3.5721e-04 3.2399e-04 2.0443e-04 1.6776e-04 1.8905e-04 8.4350e-05 8.6026e-05 7.1074e-05 6.8772e-05 4.3945e-05 1.4385e-05 8.8364e-06 1.1697e-05 5.8503e-06 5.3638e-06 3.3745e-06 6.3171e-06 3.9577e-06 3.6882e-06 6.8323e-06 1.2917e-06 6.4040e-07 3.1432e-07 3.8083e-07 2.3251e-07 9.4359e-08
7.0079e-04 5.0555e-04 6.1536e-04 6.1948e-04 5.8832e-04 5.2870e-04 4.9908e-04 5.2803e-04 5.5078e-04 4.2955e-04 3.5426e-04 4.2256e-04 3.7375e-04 3.0961e-04 2.0999e-04 1.6145e-04 1.5263e-04 1.0226e-04 1.0960e-04 9.0571e-05 8.6881e-05 5.4950e-05 4.5514e-05 3.9692e-05 1.4496e-05 1.0804e-05 9.1347e-06 9.3367e-06 7.2728e-06 5.1989e-06 3.2181e-06 6.0821e-07 1.0260e-06 1.2152e-06 3.6661e-07 4.3943e-07 9.2525e-08 1.0402e-07 3.2071e-07 1.9813e-07
4.9436e-04 3.7551e-04 4.7323e-04 4.4745e-04 3.6587e-04 4.5954e-04 3.7905e-04 3.5357e-04 2.9334e-04 3.3424e-04 2.1464e-04 2.0528e-04 2.1956e-04 1.7277e-04 1.5466e-04 1.2766e-04 9.6298e-05 6.7391e-05 6.4117e-05 5.6588e-05 3.7639e-05 3.4351e-05 3.3249e-05 1.7633e-05 2.7121e-05 3.8107e-05 5.6986e-06 4.0047e-06 3.3923e-06 2.8446e-06 2.1772e-06 7.9448e-07 7.3477e-07 7.1268e-07 1.1022e-07 3.6182e-07 2.4264e-07 1.9738e-07 1.5326e-07 9.2733e-08
3.9569e-04 2.9859e-04 2.9755e-04 3.3822e-04 3.0063e-04 2.8038e-04 3.5115e-04 2.9532e-04 2.7699e-04 2.0824e-04 1.6138e-04 1.3261e-04 1.8604e-04 1.1899e-04 9.3517e-05 6.4269e-05 8.0521e-05 6.6066e-05 6.6951e-05 5.8710e-05 3.4244e-05 2.0860e-05 2.3927e-05 2.5814e-05 2.1151e-05 6.7031e-06 7.7692e-06 2.8720e-06 2.6176e-06 1.1090e-06 1.5913e-06 1.1510e-06 5.8545e-07 5.8360e-07 1.1345e-07 2.4240e-07 3.6114e-07 1.0220e-07 9.0651e-09 1.4830e-07
2.8748e-04 2.4576e-04 1.6307e-04 1.4068e-04 1.9612e-04 1.9333e-04 1.9792e-04 2.4213e-04 1.8632e-04 1.7525e-04 1.4150e-04 1.5783e-04 1.2447e-04 8.2870e-05 8.2068e-05 4.9607e-05 3.7011e-05 4.3313e-05 3.4939e-05 3.9734e-05 3.8791e-05 2.8850e-05 2.5123e-05 1.7000e-05 1.0561e-05 6.2731e-06 3.4993e-06 2.5329e-06 2.6280e-06 9.9847e-07 5.2139e-07 2.1909e-07 4.8701e-07 1.5658e-07 4.5585e-07 1.0949e-07 8.2030e-09 1.2143e-07 1.3846e-07 1.5595e-07
2.4113e-04 1.5288e-04 1.2996e-04 1.3541e-04 1.3471e-04 1.4224e-04 1.0885e-04 1.2085e-04 1.5284e-04 1.2680e-04 1.5221e-04 1.3285e-04 7.4652e-05 7.2746e-05 5.5618e-05 7.6161e-05 3.4692e-05 1.8371e-05 1.9052e-05 1.5236e-05 1.3100e-05 1.1708e-05 1.9833e-05 2.5195e-05 9.8222e-06 5.3720e-06 3.0180e-06 1.9978e-06 1.3412e-06 6.8707e-07 7.8852e-07 1.1080e-07 3.2300e-07 3.0992e-07 5.7430e-07 9.9082e-08 2.8722e-08 3.5040e-08 2.3388e-08 1.3119e-07
1.3866e-04 1.4746e-04 1.2038e-04 1.1706e-04 1.1415e-04 1.1485e-04 6.8913e-05 6.9614e-05 1.0588e-04 9.3627e-05 1.3562e-04 8.5358e-05 7.2953e-05 5.0267e-05 2.5679e-05 2.5092e-05 3.5584e-05 2.1685e-05 1.1294e-05 1.3692e-05 1.0338e-05 3.5324e-06 5.0775e-06 5.3442e-06 1.3816e-05 1.3990e-05 2.5081e-06 1.5680e-06 1.4022e-06 6.9393e-07 6.6841e-07 3.7849e-07 1.9679e-06 3.0329e-07 5.2219e-07 7.6828e-08 7.7283e-08 3.7731e-08 2.0711e-09 2.3622e-08
5.3524e-05 8.7114e-05 1.1497e-04 9.5677e-05 5.6209e-05 9.6098e-05 4.7204e-05 3.6028e-05 6.6843e-05 5.7453e-05 6.5404e-05 3.2276e-05 5.3353e-05 3.0041e-05 1.6977e-05 1.9176e-05 1.9263e-05 2.7456e-05 6.9982e-06 8.6786e-06 1.3488e-05 3.9476e-06 3.2167e-06 2.4793e-06 3.2302e-06 4.6556e-06 1.1944e-05 2.1243e-06 2.0336e-06 1.5936e-06 1.0202e-06 9.5481e-07 7.6336e-07 1.1769e-06 5.6876e-07 5.0627e-08 9.4925e-09 4.8248e-08 7.2262e-08 9.6250e-08
4.2165e-05 6.6115e-05 1.1451e-04 4.7152e-05 5.1210e-05 6.7717e-05 3.5806e-05 3.3854e-05 2.9092e-05 4.2273e-05 3.5448e-05 3.5031e-05 2.4890e-05 1.5972e-05 1.4870e-05 1.8721e-05 6.9993e-06 1.4700e-05 1.9198e-05 7.3225e-06 1.3168e-05 7.4977e-06 3.6119e-06 2.9456e-06 3.5660e-06 2.6968e-06 6.2416e-06 4.1884e-06 1.7633e-06 1.2937e-06 1.5614e-06 2.3094e-06 6.1828e-07 1.6382e-06 9.3652e-07 3.1536e-07 1.0258e-07 9.0818e-08 1.0274e-07 1.5086e-07
4.4452e-05 4.2305e-05 5.1581e-05 4.9106e-05 2.3173e-05 5.7152e-05 3.1451e-05 3.5376e-05 2.9288e-05 4.0271e-05 2.2728e-05 3.3054e-05 1.4642e-05 9.8141e-06 1.0083e-05 1.1772e-05 6.5637e-06 9.6354e-06 2.1925e-05 1.5468e-05 5.0212e-06 5.7756e-06 4.3305e-06 5.3263e-06 8.1812e-07 3.3595e-07 9.9201e-06 1.1363e-05 4.3715e-06 3.5292e-06 3.3785e-06 2.9265e-06 2.9718e-06 1.7793e-06 1.5281e-06 3.8472e-07 9.3041e-08 1.9191e-08 6.4060e-08 2.2916e-08
4.4649e-05 5.0262e-05 3.2269e-05 3.5329e-05 3.3393e-05 3.8437e-05 1.7324e-05 1.9284e-05 2.6470e-05 2.9960e-05 1.1782e-05 1.7946e-05 2.8400e-05 2.0181e-05 6.3871e-06 5.0822e-06 8.9656e-06 1.0597e-05 1.6862e-05 9.8250e-06 1.8699e-06 3.9414e-06 5.3869e-06 2.6280e-06 2.3940e-06 4.7702e-06 7.1310e-06 5.7463e-07 1.0265e-06 5.2766e-07 4.3488e-07 2.8854e-07 6.6416e-07 1.9670e-06 6.2488e-07 5.8754e-07 1.3967e-07 1.2975e-07 1.0681e-07 1.9379e-08
2.7316e-05 3.1902e-05 3.2571e-05 2.5524e-05 1.5483e-05 5.6083e-05 1.8231e-05 1.0166e-05 9.5774e-06 1.0306e-05 1.1499e-05 8.0592e-06 9.8627e-06 1.7452e-05 1.7394e-05 4.0727e-06 3.4860e-06 8.0054e-06 8.8571e-06 7.5317e-06 3.6446e-06 2.7893e-06 6.2001e-06 2.6607e-06 5.8618e-07 3.8518e-07 8.3270e-07 8.5649e-07 9.1840e-07 1.1830e-07 8.0731e-08 2.3608e-07 1.0577e-07 6.1235e-08 3.6306e-07 2.8466e-07 2.7702e-07 6.9033e-08 3.7239e-08 3.0407e-08
3.1608e-05 2.5966e-05 1.2322e-05 1.5301e-05 1.2342e-05 1.2361e-05 2.1204e-05 7.4585e-06 5.6292e-06 8.3533e-06 8.4659e-06 7.3698e-06 7.5130e-06 4.9182e-06 4.2414e-06 1.8511e-05 5.8654e-06 2.0033e-06 1.0119e-05 6.8476e-06 2.8768e-06 9.3412e-07 7.0914e-07 1.5570e-06 8.0282e-07 8.9114e-07 5.7124e-07 3.3380e-07 8.6279e-07 1.3278e-07 1.6507e-07 1.7403e-07 1.9349e-07 3.5665e-08 2.9290e-09 2.1441e-07 8.3785e-08 3.6696e-08 3.1974e-09 6.5200e-09
6.4768e-06 2.1106e-05 5.5453e-06 6.2257e-06 3.8552e-06 2.9750e-06 6.5599e-06 4.4257e-06 2.2084e-06 3.6322e-06 2.6125e-06 5.4038e-06 4.7328e-06 2.7037e-06 9.5823e-07 7.5807e-07 1.0812e-05 1.1218e-05 9.2916e-06 2.9816e-06 2.8911e-06 3.1165e-07 2.1303e-07 2.1602e-07 1.4259e-07 7.3694e-08 1.5414e-07 1.4815e-07 4.2175e-08 1.1067e-08 5.4147e-09 1.0390e-07 2.8084e-08 1.5281e-07 1.5664e-09 3.9698e-10 7.3595e-10 2.5402e-11 4.0224e-11 2.9942e-10
