2.1918e+03 2.5202e+03 2.7211e+03 2.8412e+03 2.9100e+03 2.9046e+03 2.8337e+03 2.7249e+03 2.5277e+03 2.2079e+03
2.5278e+03 2.8802e+03 3.1272e+03 3.2912e+03 3.3724e+03 3.3535e+03 3.2713e+03 3.1253e+03 2.8833e+03 2.5129e+03
2.7260e+03 3.1227e+03 3.3997e+03 3.5930e+03 3.7051e+03 3.7042e+03 3.6075e+03 3.4085e+03 3.1223e+03 2.7208e+03
2.8388e+03 3.2727e+03 3.5967e+03 3.7944e+03 3.9335e+03 3.9126e+03 3.7938e+03 3.6061e+03 3.2740e+03 2.8399e+03
2.9008e+03 3.3495e+03 3.6704e+03 3.9175e+03 4.0259e+03 4.0518e+03 3.9063e+03 3.6994e+03 3.3585e+03 2.9088e+03
2.9043e+03 3.3493e+03 3.6976e+03 3.9116e+03 4.0408e+03 4.0452e+03 3.9214e+03 3.6989e+03 3.3670e+03 2.9233e+03
2.8520e+03 3.2808e+03 3.5954e+03 3.8069e+03 3.9087e+03 3.9054e+03 3.7990e+03 3.5866e+03 3.2722e+03 2.8373e+03
2.7251e+03 3.1316e+03 3.4125e+03 3.6169e+03 3.7036e+03 3.6876e+03 3.6013e+03 3.4118e+03 3.1367e+03 2.7299e+03
2.5391e+03 2.8707e+03 3.1193e+03 3.2934e+03 3.3803e+03 3.3574e+03 3.2822e+03 3.1377e+03 2.8778e+03 2.5217e+03
2.1980e+03 2.5208e+03 2.7246e+03 2.8393e+03 2.9106e+03 2.9224e+03 2.8376e+03 2.7189e+03 2.5357e+03 2.2075e+03
