1.0323e-01 1.0137e-01 1.0089e-01 1.0066e-01 1.0075e-01 1.0077e-01 1.0058e-01 1.0111e-01 1.0167e-01 1.0357e-01
1.0147e-01 9.9796e-02 9.9716e-02 9.9597e-02 9.9462e-02 9.9164e-02 9.9284e-02 9.9527e-02 9.9822e-02 1.0160e-01
1.0106e-01 9.9370e-02 9.9090e-02 9.8931e-02 9.8978e-02 9.8838e-02 9.9045e-02 9.9200e-02 9.9250e-02 1.0083e-01
1.0062e-01 9.9192e-02 9.8840e-02 9.8860e-02 9.8924e-02 9.8764e-02 9.8926e-02 9.9126e-02 9.9207e-02 1.0076e-01
1.0072e-01 9.9112e-02 9.8949e-02 9.8756e-02 9.8889e-02 9.8837e-02 9.8931e-02 9.9197e-02 9.9355e-02 1.0073e-01
1.0081e-01 9.9281e-02 9.9016e-02 9.8673e-02 9.9006e-02 9.8782e-02 9.9108e-02 9.9136e-02 9.9361e-02 1.0074e-01
1.0090e-01 9.9295e-02 9.8956e-02 9.8933e-02 9.8946e-02 9.8706e-02 9.8920e-02 9.8741e-02 9.9227e-02 1.0075e-01
1.0105e-01 9.9342e-02 9.9046e-02 9.9057e-02 9.9045e-02 9.9106e-02 9.9144e-02 9.9224e-02 9.9290e-02 1.0110e-01
1.0166e-01 9.9803e-02 9.9424e-02 9.9417e-02 9.9269e-02 9.9209e-02 9.9358e-02 9.9432e-02 1.0006e-01 1.0149e-01
1.0365e-01 1.0158e-01 1.0101e-01 1.0087e-01 1.0055e-01 1.0070e-01 1.0078e-01 1.0104e-01 1.0169e-01 1.0333e-01
