4.3783e-01 5.2648e-01 5.7662e-01 6.0779e-01 6.2194e-01 6.2109e-01 6.0733e-01 5.7636e-01 5.2638e-01 4.3980e-01
5.2579e-01 6.4004e-01 7.0783e-01 7.4426e-01 7.6140e-01 7.6117e-01 7.4389e-01 7.0610e-01 6.4256e-01 5.2833e-01
5.7670e-01 7.0527e-01 7.8067e-01 8.2358e-01 8.4241e-01 8.4360e-01 8.2376e-01 7.7930e-01 7.0690e-01 5.7848e-01
6.0720e-01 7.4114e-01 8.2349e-01 8.6917e-01 8.9021e-01 8.9144e-01 8.7045e-01 8.2331e-01 7.4582e-01 6.0846e-01
6.2190e-01 7.6084e-01 8.4292e-01 8.8830e-01 9.1392e-01 9.1291e-01 8.9170e-01 8.4292e-01 7.6108e-01 6.2241e-01
6.2183e-01 7.5983e-01 8.4003e-01 8.8944e-01 9.1177e-01 9.1199e-01 8.9090e-01 8.4275e-01 7.6183e-01 6.2051e-01
6.0685e-01 7.4243e-01 8.2185e-01 8.6752e-01 8.8962e-01 8.8932e-01 8.6842e-01 8.2174e-01 7.4190e-01 6.0766e-01
5.7721e-01 7.0546e-01 7.7908e-01 8.2303e-01 8.4107e-01 8.4053e-01 8.2231e-01 7.7714e-01 7.0547e-01 5.7772e-01
5.2738e-01 6.4318e-01 7.0611e-01 7.4458e-01 7.6154e-01 7.5986e-01 7.4186e-01 7.0501e-01 6.4167e-01 5.2746e-01
4.3882e-01 5.2769e-01 5.7793e-01 6.0706e-01 6.2106e-01 6.2084e-01 6.0533e-01 5.7734e-01 5.2656e-01 4.3765e-01
