8.3296e-04 9.3406e-04 9.8452e-04 1.0156e-03 1.0269e-03 1.0264e-03 1.0162e-03 9.8339e-04 9.3250e-04 8.3364e-04
9.3142e-04 1.0622e-03 1.1274e-03 1.1555e-03 1.1678e-03 1.1707e-03 1.1584e-03 1.1250e-03 1.0658e-03 9.3871e-04
9.8378e-04 1.1241e-03 1.1925e-03 1.2237e-03 1.2326e-03 1.2345e-03 1.2215e-03 1.1889e-03 1.1268e-03 9.8776e-04
1.0150e-03 1.1539e-03 1.2230e-03 1.2567e-03 1.2642e-03 1.2693e-03 1.2587e-03 1.2211e-03 1.1609e-03 1.0169e-03
1.0284e-03 1.1709e-03 1.2392e-03 1.2641e-03 1.2829e-03 1.2774e-03 1.2707e-03 1.2343e-03 1.1697e-03 1.0279e-03
1.0277e-03 1.1694e-03 1.2304e-03 1.2666e-03 1.2775e-03 1.2771e-03 1.2671e-03 1.2342e-03 1.1693e-03 1.0222e-03
1.0121e-03 1.1545e-03 1.2208e-03 1.2523e-03 1.2674e-03 1.2675e-03 1.2549e-03 1.2221e-03 1.1551e-03 1.0160e-03
9.8480e-04 1.1228e-03 1.1878e-03 1.2189e-03 1.2309e-03 1.2328e-03 1.2204e-03 1.1850e-03 1.1219e-03 9.8482e-04
9.3217e-04 1.0692e-03 1.1260e-03 1.1556e-03 1.1666e-03 1.1680e-03 1.1533e-03 1.1210e-03 1.0654e-03 9.3553e-04
8.3364e-04 9.3608e-04 9.8614e-04 1.0147e-03 1.0253e-03 1.0229e-03 1.0121e-03 9.8615e-04 9.3135e-04 8.2962e-04
