4.7908e-01 5.7680e-01 6.3208e-01 6.6576e-01 6.8030e-01 6.7981e-01 6.6520e-01 6.3106e-01 5.7646e-01 4.7975e-01
5.7606e-01 7.0182e-01 7.7169e-01 8.1237e-01 8.3200e-01 8.3364e-01 8.1381e-01 7.7261e-01 7.0293e-01 5.7782e-01
6.3076e-01 7.7257e-01 8.5369e-01 9.0093e-01 9.2190e-01 9.2368e-01 9.0059e-01 8.5196e-01 7.7475e-01 6.3386e-01
6.6576e-01 8.1231e-01 9.0243e-01 9.5041e-01 9.7422e-01 9.7533e-01 9.5165e-01 8.9956e-01 8.1510e-01 6.6531e-01
6.7955e-01 8.3243e-01 9.2178e-01 9.7249e-01 9.9923e-01 1.0000e+00 9.7415e-01 9.1964e-01 8.3138e-01 6.8014e-01
6.7938e-01 8.3055e-01 9.1917e-01 9.7411e-01 9.9719e-01 9.9787e-01 9.7305e-01 9.2086e-01 8.3129e-01 6.7917e-01
6.6411e-01 8.1229e-01 8.9918e-01 9.4965e-01 9.7195e-01 9.7369e-01 9.4969e-01 9.0074e-01 8.1331e-01 6.6546e-01
6.3114e-01 7.7226e-01 8.5289e-01 9.0008e-01 9.1979e-01 9.1815e-01 8.9825e-01 8.5042e-01 7.7322e-01 6.3143e-01
5.7678e-01 7.0316e-01 7.7176e-01 8.1325e-01 8.3256e-01 8.3155e-01 8.1133e-01 7.7215e-01 7.0194e-01 5.7738e-01
4.7845e-01 5.7691e-01 6.3272e-01 6.6386e-01 6.8056e-01 6.7925e-01 6.6252e-01 6.3164e-01 5.7603e-01 4.7901e-01
