Time Step 1
nan        nan        nan        nan        nan        nan        nan        nan        nan        nan       
nan        nan        nan        nan        nan        nan        nan        nan        nan        nan       
nan        nan        nan        nan        nan        nan        nan        nan        nan        nan       
nan        nan        nan        nan        nan        nan        nan        nan        nan        nan       
nan        nan        nan        nan        nan        nan        nan        nan        nan        nan       
nan        nan        nan        nan        nan        nan        nan        nan        nan        nan       
nan        nan        nan        nan        nan        nan        nan        nan        nan        nan       
nan        nan        nan        nan        nan        nan        nan        nan        nan        nan       
nan        nan        nan        nan        nan        nan        nan        nan        nan        nan       
nan        nan        nan        nan        nan        nan        nan        nan        nan        nan       
Time Step 2
7.8675e+00 9.3604e+00 1.0696e+01 1.1968e+01 1.1783e+01 1.1919e+01 1.1726e+01 1.1351e+01 9.3234e+00 7.5382e+00
9.8849e+00 1.2482e+01 1.3220e+01 1.5100e+01 1.5034e+01 1.4984e+01 1.5102e+01 1.3561e+01 1.2503e+01 9.9705e+00
1.0938e+01 1.4308e+01 1.5955e+01 1.6421e+01 1.8005e+01 1.7354e+01 1.6053e+01 1.5681e+01 1.3852e+01 1.1163e+01
1.1436e+01 1.4869e+01 1.6476e+01 1.7981e+01 1.8677e+01 1.8941e+01 1.8128e+01 1.7108e+01 1.4880e+01 1.1256e+01
1.1906e+01 1.5939e+01 1.7510e+01 1.8129e+01 1.9419e+01 1.9688e+01 1.7663e+01 1.7439e+01 1.5424e+01 1.2563e+01
1.2099e+01 1.5072e+01 1.7591e+01 1.8427e+01 1.8905e+01 1.8699e+01 1.8434e+01 1.7634e+01 1.5281e+01 1.1671e+01
1.1443e+01 1.5067e+01 1.6804e+01 1.8318e+01 1.8062e+01 1.8318e+01 1.8207e+01 1.6881e+01 1.4204e+01 1.1565e+01
1.0400e+01 1.4137e+01 1.6108e+01 1.6823e+01 1.6909e+01 1.7180e+01 1.6943e+01 1.6257e+01 1.3722e+01 1.0859e+01
1.0163e+01 1.2621e+01 1.3655e+01 1.4884e+01 1.5064e+01 1.5043e+01 1.4800e+01 1.3816e+01 1.2676e+01 9.9550e+00
7.4329e+00 9.8172e+00 1.1603e+01 1.1785e+01 1.2438e+01 1.2259e+01 1.1328e+01 1.1713e+01 1.0114e+01 8.0797e+00
Time Step 3
1.0724e+01 1.3076e+01 1.4397e+01 1.5964e+01 1.6441e+01 1.5378e+01 1.5682e+01 1.5381e+01 1.3539e+01 1.0456e+01
1.3483e+01 1.6398e+01 1.8301e+01 1.9816e+01 2.0539e+01 2.0304e+01 1.9943e+01 1.8683e+01 1.6713e+01 1.3842e+01
1.4556e+01 1.8525e+01 2.0282e+01 2.1787e+01 2.1297e+01 2.1798e+01 2.1772e+01 2.0311e+01 1.8101e+01 1.4786e+01
1.5822e+01 1.9483e+01 2.2085e+01 2.3108e+01 2.3872e+01 2.2669e+01 2.2848e+01 2.1160e+01 1.9880e+01 1.5705e+01
1.6141e+01 1.9858e+01 2.2420e+01 2.2794e+01 2.3794e+01 2.4020e+01 2.3117e+01 2.1790e+01 2.0211e+01 1.5806e+01
1.6707e+01 2.0493e+01 2.1694e+01 2.3304e+01 2.3722e+01 2.4080e+01 2.3357e+01 2.2319e+01 2.0290e+01 1.5911e+01
1.5503e+01 1.9800e+01 2.1103e+01 2.3048e+01 2.3878e+01 2.2806e+01 2.3342e+01 2.0994e+01 1.9340e+01 1.5525e+01
1.4548e+01 1.8509e+01 2.0558e+01 2.1662e+01 2.3088e+01 2.2206e+01 2.1475e+01 2.0095e+01 1.8605e+01 1.5074e+01
1.3663e+01 1.6434e+01 1.8259e+01 1.9993e+01 2.0844e+01 2.0781e+01 1.9553e+01 1.8038e+01 1.7129e+01 1.3252e+01
1.1251e+01 1.3096e+01 1.5171e+01 1.5063e+01 1.6681e+01 1.5481e+01 1.6109e+01 1.4211e+01 1.3239e+01 1.0957e+01
Time Step 4
1.1919e+01 1.4763e+01 1.6509e+01 1.6788e+01 1.6734e+01 1.7588e+01 1.7408e+01 1.6121e+01 1.3854e+01 1.2366e+01
1.4922e+01 1.8779e+01 2.0224e+01 2.1373e+01 2.1893e+01 2.1104e+01 2.1311e+01 2.0835e+01 1.7795e+01 1.5172e+01
1.6059e+01 1.9773e+01 2.2496e+01 2.3870e+01 2.3160e+01 2.3220e+01 2.4115e+01 2.2210e+01 2.0141e+01 1.6395e+01
1.7415e+01 2.1369e+01 2.3915e+01 2.4878e+01 2.5146e+01 2.6126e+01 2.4838e+01 2.3595e+01 2.1669e+01 1.6985e+01
1.7780e+01 2.0976e+01 2.4274e+01 2.5441e+01 2.6708e+01 2.6327e+01 2.5719e+01 2.3372e+01 2.1288e+01 1.7479e+01
1.7953e+01 2.1298e+01 2.4778e+01 2.5063e+01 2.5158e+01 2.6119e+01 2.5328e+01 2.4712e+01 2.1232e+01 1.7260e+01
1.7305e+01 2.1099e+01 2.3968e+01 2.5240e+01 2.5359e+01 2.5789e+01 2.5155e+01 2.3450e+01 2.1271e+01 1.6363e+01
1.6497e+01 1.9694e+01 2.2359e+01 2.3828e+01 2.3827e+01 2.4867e+01 2.3213e+01 2.2452e+01 2.0701e+01 1.6476e+01
1.5440e+01 1.8348e+01 1.9901e+01 2.0556e+01 2.1157e+01 2.1842e+01 2.0590e+01 2.0082e+01 1.8693e+01 1.5314e+01
1.2196e+01 1.4982e+01 1.6561e+01 1.6529e+01 1.7469e+01 1.7931e+01 1.6783e+01 1.6204e+01 1.4713e+01 1.1727e+01
Time Step 5
1.2689e+01 1.4829e+01 1.7281e+01 1.7729e+01 1.8016e+01 1.8204e+01 1.7744e+01 1.7443e+01 1.5761e+01 1.2985e+01
1.5429e+01 1.9034e+01 2.0209e+01 2.1541e+01 2.1974e+01 2.3415e+01 2.2012e+01 2.0617e+01 1.8206e+01 1.6027e+01
1.6550e+01 2.0281e+01 2.2931e+01 2.4491e+01 2.5178e+01 2.5119e+01 2.3885e+01 2.2739e+01 2.0868e+01 1.6967e+01
1.7606e+01 2.1335e+01 2.3717e+01 2.5047e+01 2.6161e+01 2.6181e+01 2.5039e+01 2.4497e+01 2.2701e+01 1.8061e+01
1.8302e+01 2.2764e+01 2.5214e+01 2.5789e+01 2.6888e+01 2.6960e+01 2.6120e+01 2.4887e+01 2.2695e+01 1.7951e+01
1.8150e+01 2.1557e+01 2.4480e+01 2.6601e+01 2.7408e+01 2.6952e+01 2.5205e+01 2.5723e+01 2.2189e+01 1.8453e+01
1.7823e+01 2.1570e+01 2.4344e+01 2.5761e+01 2.7003e+01 2.6819e+01 2.5422e+01 2.4156e+01 2.1292e+01 1.6919e+01
1.6314e+01 2.0242e+01 2.2758e+01 2.4942e+01 2.5219e+01 2.4505e+01 2.3400e+01 2.2597e+01 2.1452e+01 1.6813e+01
1.5793e+01 1.9169e+01 2.0759e+01 2.2219e+01 2.2766e+01 2.1906e+01 2.1796e+01 2.0922e+01 1.8317e+01 1.4887e+01
1.2028e+01 1.5026e+01 1.6806e+01 1.7418e+01 1.8676e+01 1.7915e+01 1.7847e+01 1.7419e+01 1.5083e+01 1.2460e+01
Time Step 6
1.2688e+01 1.5544e+01 1.6949e+01 1.7974e+01 1.8576e+01 1.8689e+01 1.7835e+01 1.7420e+01 1.5511e+01 1.3011e+01
1.5374e+01 1.9125e+01 2.1225e+01 2.2381e+01 2.2999e+01 2.2997e+01 2.2044e+01 2.1509e+01 1.8765e+01 1.5803e+01
1.7162e+01 2.0981e+01 2.2778e+01 2.4969e+01 2.5571e+01 2.5133e+01 2.4839e+01 2.3199e+01 2.1421e+01 1.6837e+01
1.8573e+01 2.2302e+01 2.3991e+01 2.6000e+01 2.6631e+01 2.6085e+01 2.6188e+01 2.4819e+01 2.2867e+01 1.7880e+01
1.8677e+01 2.2552e+01 2.5071e+01 2.6349e+01 2.6621e+01 2.7097e+01 2.6713e+01 2.5945e+01 2.2577e+01 1.8065e+01
1.8182e+01 2.3255e+01 2.5497e+01 2.6208e+01 2.6936e+01 2.6359e+01 2.6964e+01 2.5397e+01 2.2760e+01 1.8429e+01
1.7656e+01 2.1734e+01 2.4644e+01 2.6036e+01 2.6704e+01 2.7052e+01 2.6675e+01 2.4128e+01 2.1452e+01 1.7730e+01
1.7158e+01 2.0948e+01 2.3199e+01 2.4043e+01 2.5127e+01 2.5149e+01 2.3970e+01 2.2554e+01 2.1042e+01 1.7358e+01
1.5018e+01 1.9438e+01 2.0803e+01 2.2392e+01 2.2899e+01 2.2358e+01 2.1844e+01 2.1267e+01 1.9378e+01 1.5676e+01
1.2281e+01 1.5980e+01 1.7102e+01 1.7831e+01 1.8212e+01 1.8759e+01 1.8569e+01 1.7416e+01 1.5585e+01 1.2406e+01
Time Step 7
1.3146e+01 1.5338e+01 1.7649e+01 1.8055e+01 1.8785e+01 1.9011e+01 1.8707e+01 1.7092e+01 1.5485e+01 1.2627e+01
1.6350e+01 1.9533e+01 2.0951e+01 2.1738e+01 2.2427e+01 2.2459e+01 2.3145e+01 2.1555e+01 1.9454e+01 1.5423e+01
1.7063e+01 2.2049e+01 2.3549e+01 2.4075e+01 2.5477e+01 2.4539e+01 2.5013e+01 2.3164e+01 2.1053e+01 1.7774e+01
1.7741e+01 2.2423e+01 2.5761e+01 2.6115e+01 2.6773e+01 2.6970e+01 2.6823e+01 2.4282e+01 2.2167e+01 1.8691e+01
1.9370e+01 2.2118e+01 2.5561e+01 2.6706e+01 2.8368e+01 2.7789e+01 2.6218e+01 2.4998e+01 2.3157e+01 1.8925e+01
1.8803e+01 2.2908e+01 2.5518e+01 2.7107e+01 2.6905e+01 2.7313e+01 2.7052e+01 2.5507e+01 2.2573e+01 1.8046e+01
1.8716e+01 2.1538e+01 2.4337e+01 2.5793e+01 2.7056e+01 2.6777e+01 2.5845e+01 2.3902e+01 2.2351e+01 1.8460e+01
1.6598e+01 2.0771e+01 2.3340e+01 2.4052e+01 2.6034e+01 2.5301e+01 2.4833e+01 2.4343e+01 2.0559e+01 1.7172e+01
1.5810e+01 1.9623e+01 2.0265e+01 2.1798e+01 2.2830e+01 2.1999e+01 2.2650e+01 2.1161e+01 1.8739e+01 1.6010e+01
1.2632e+01 1.5691e+01 1.8073e+01 1.8175e+01 1.8545e+01 1.8829e+01 1.8045e+01 1.6967e+01 1.5453e+01 1.3238e+01
Time Step 8
1.2956e+01 1.5816e+01 1.7059e+01 1.8206e+01 1.8871e+01 1.8713e+01 1.9121e+01 1.7313e+01 1.5701e+01 1.3132e+01
1.5743e+01 1.8692e+01 2.1121e+01 2.2047e+01 2.2827e+01 2.3494e+01 2.2812e+01 2.0951e+01 1.9301e+01 1.6026e+01
1.7377e+01 2.1926e+01 2.2443e+01 2.5104e+01 2.5314e+01 2.5748e+01 2.4650e+01 2.2705e+01 2.1367e+01 1.7788e+01
1.8932e+01 2.1973e+01 2.4400e+01 2.6387e+01 2.6847e+01 2.7662e+01 2.6386e+01 2.4833e+01 2.2646e+01 1.7904e+01
1.9154e+01 2.3314e+01 2.5240e+01 2.6305e+01 2.7884e+01 2.7998e+01 2.7854e+01 2.5572e+01 2.3213e+01 1.8909e+01
1.8515e+01 2.2684e+01 2.5054e+01 2.6387e+01 2.7169e+01 2.7605e+01 2.7055e+01 2.5142e+01 2.2792e+01 1.8824e+01
1.8498e+01 2.2117e+01 2.4779e+01 2.5750e+01 2.6859e+01 2.6249e+01 2.6442e+01 2.4054e+01 2.2349e+01 1.8535e+01
1.7158e+01 2.0819e+01 2.3510e+01 2.5057e+01 2.5392e+01 2.4306e+01 2.4660e+01 2.3271e+01 2.1164e+01 1.6675e+01
1.5671e+01 1.9778e+01 2.1730e+01 2.2293e+01 2.3287e+01 2.3455e+01 2.1439e+01 2.0799e+01 1.9662e+01 1.5428e+01
1.2614e+01 1.5825e+01 1.7920e+01 1.8491e+01 1.9274e+01 1.8597e+01 1.8612e+01 1.7332e+01 1.5563e+01 1.2793e+01
Time Step 9
1.3062e+01 1.5838e+01 1.7086e+01 1.7930e+01 1.8948e+01 1.9005e+01 1.8384e+01 1.6696e+01 1.6105e+01 1.3110e+01
1.6122e+01 1.9623e+01 2.0754e+01 2.2358e+01 2.2039e+01 2.2836e+01 2.2642e+01 2.0939e+01 1.9253e+01 1.5285e+01
1.7384e+01 2.0809e+01 2.4696e+01 2.4660e+01 2.5199e+01 2.4525e+01 2.3635e+01 2.4427e+01 2.2162e+01 1.7242e+01
1.8701e+01 2.2166e+01 2.4505e+01 2.7145e+01 2.7410e+01 2.7390e+01 2.6791e+01 2.3758e+01 2.2476e+01 1.7881e+01
1.8922e+01 2.3646e+01 2.5222e+01 2.7077e+01 2.7888e+01 2.7791e+01 2.7356e+01 2.5777e+01 2.2284e+01 1.9009e+01
1.7910e+01 2.2995e+01 2.5702e+01 2.7539e+01 2.7378e+01 2.7081e+01 2.7072e+01 2.5962e+01 2.2657e+01 1.8821e+01
1.8277e+01 2.2118e+01 2.4749e+01 2.5678e+01 2.6935e+01 2.7059e+01 2.6458e+01 2.4856e+01 2.2134e+01 1.8239e+01
1.6786e+01 2.0828e+01 2.3754e+01 2.5864e+01 2.4940e+01 2.5418e+01 2.5903e+01 2.3135e+01 2.0993e+01 1.6928e+01
1.5489e+01 1.9719e+01 2.1325e+01 2.2377e+01 2.3260e+01 2.2584e+01 2.2071e+01 2.0399e+01 1.9485e+01 1.5856e+01
1.3991e+01 1.6225e+01 1.7609e+01 1.8300e+01 1.9206e+01 1.9006e+01 1.8087e+01 1.6950e+01 1.5765e+01 1.3422e+01
Time Step 10
1.3253e+01 1.5221e+01 1.6996e+01 1.8955e+01 1.8602e+01 1.8090e+01 1.8375e+01 1.7914e+01 1.5407e+01 1.3215e+01
1.6140e+01 1.9251e+01 2.1440e+01 2.2736e+01 2.3535e+01 2.3237e+01 2.2127e+01 2.0786e+01 1.9852e+01 1.6781e+01
1.6795e+01 2.1916e+01 2.2595e+01 2.5574e+01 2.6341e+01 2.5448e+01 2.4885e+01 2.4129e+01 2.1100e+01 1.6867e+01
1.8603e+01 2.2125e+01 2.4406e+01 2.5940e+01 2.6947e+01 2.7100e+01 2.6744e+01 2.4683e+01 2.1973e+01 1.7810e+01
1.8558e+01 2.3970e+01 2.5809e+01 2.6896e+01 2.6851e+01 2.7788e+01 2.7749e+01 2.5473e+01 2.3128e+01 1.7847e+01
1.9038e+01 2.3708e+01 2.5661e+01 2.6700e+01 2.7919e+01 2.7153e+01 2.7583e+01 2.5228e+01 2.2479e+01 1.8367e+01
1.8333e+01 2.2512e+01 2.5037e+01 2.5573e+01 2.7358e+01 2.6563e+01 2.5922e+01 2.4077e+01 2.2636e+01 1.8677e+01
1.7783e+01 2.0990e+01 2.2833e+01 2.3913e+01 2.4993e+01 2.6151e+01 2.5144e+01 2.3592e+01 2.1546e+01 1.7111e+01
1.6274e+01 1.9841e+01 2.0723e+01 2.2687e+01 2.3524e+01 2.3621e+01 2.2470e+01 2.0586e+01 1.8679e+01 1.5657e+01
1.2932e+01 1.6148e+01 1.7680e+01 1.7808e+01 1.8921e+01 1.8728e+01 1.7978e+01 1.7060e+01 1.6422e+01 1.2737e+01
Time Step 11
1.2953e+01 1.5558e+01 1.7616e+01 1.7998e+01 1.9043e+01 1.8182e+01 1.9031e+01 1.7113e+01 1.6223e+01 1.3244e+01
1.5235e+01 1.9324e+01 2.1693e+01 2.2987e+01 2.3263e+01 2.2525e+01 2.2678e+01 2.1413e+01 1.9520e+01 1.5150e+01
1.7013e+01 2.1079e+01 2.2926e+01 2.5363e+01 2.5306e+01 2.5324e+01 2.4822e+01 2.3712e+01 2.1054e+01 1.7887e+01
1.7825e+01 2.2384e+01 2.4891e+01 2.7833e+01 2.6587e+01 2.6563e+01 2.5260e+01 2.4179e+01 2.2351e+01 1.8972e+01
1.8859e+01 2.3015e+01 2.5712e+01 2.6795e+01 2.8191e+01 2.7216e+01 2.6793e+01 2.5504e+01 2.3536e+01 1.9237e+01
1.8438e+01 2.3354e+01 2.5619e+01 2.6340e+01 2.7145e+01 2.7730e+01 2.7407e+01 2.5572e+01 2.2998e+01 1.8502e+01
1.8054e+01 2.2477e+01 2.4716e+01 2.6796e+01 2.6846e+01 2.6030e+01 2.6247e+01 2.4565e+01 2.2631e+01 1.8721e+01
1.7354e+01 2.1300e+01 2.3832e+01 2.5393e+01 2.5898e+01 2.4572e+01 2.4698e+01 2.3099e+01 2.1678e+01 1.7591e+01
1.5737e+01 1.9025e+01 2.0808e+01 2.2607e+01 2.2800e+01 2.2392e+01 2.2346e+01 2.0973e+01 1.8913e+01 1.5444e+01
1.3540e+01 1.5378e+01 1.7740e+01 1.8051e+01 1.8808e+01 1.8548e+01 1.8397e+01 1.7919e+01 1.5679e+01 1.3391e+01
Time Step 12
1.3078e+01 1.5509e+01 1.6809e+01 1.8540e+01 1.8638e+01 1.7851e+01 1.8226e+01 1.7272e+01 1.5900e+01 1.3527e+01
1.6556e+01 1.8664e+01 2.1796e+01 2.2477e+01 2.2908e+01 2.2763e+01 2.2693e+01 2.0904e+01 1.9739e+01 1.4971e+01
1.7563e+01 2.1007e+01 2.4286e+01 2.5294e+01 2.5728e+01 2.5541e+01 2.5456e+01 2.3524e+01 2.2329e+01 1.7578e+01
1.8785e+01 2.2724e+01 2.4509e+01 2.6639e+01 2.7803e+01 2.7373e+01 2.6272e+01 2.4369e+01 2.2688e+01 1.8320e+01
1.8276e+01 2.2714e+01 2.5210e+01 2.7643e+01 2.6992e+01 2.8404e+01 2.7373e+01 2.4623e+01 2.2475e+01 1.7995e+01
1.8712e+01 2.3548e+01 2.5475e+01 2.6739e+01 2.6341e+01 2.8491e+01 2.7122e+01 2.6385e+01 2.3058e+01 1.8425e+01
1.8516e+01 2.2317e+01 2.5073e+01 2.6350e+01 2.6876e+01 2.7229e+01 2.6577e+01 2.4769e+01 2.3396e+01 1.7214e+01
1.6760e+01 2.2493e+01 2.2212e+01 2.4985e+01 2.4943e+01 2.5415e+01 2.4318e+01 2.3178e+01 2.0943e+01 1.7662e+01
1.5287e+01 1.9794e+01 2.2072e+01 2.2303e+01 2.3558e+01 2.2641e+01 2.2610e+01 2.1802e+01 1.8892e+01 1.5543e+01
1.3445e+01 1.5932e+01 1.7247e+01 1.8920e+01 1.8510e+01 1.8755e+01 1.8710e+01 1.6958e+01 1.5313e+01 1.3084e+01
Time Step 13
1.2968e+01 1.6257e+01 1.7458e+01 1.8152e+01 1.8571e+01 1.8915e+01 1.9373e+01 1.7879e+01 1.5672e+01 1.3097e+01
1.5876e+01 1.9984e+01 2.0760e+01 2.2684e+01 2.3266e+01 2.2818e+01 2.2141e+01 2.0760e+01 1.9663e+01 1.6316e+01
1.7933e+01 2.2084e+01 2.3730e+01 2.5209e+01 2.5868e+01 2.5881e+01 2.5397e+01 2.3552e+01 2.1864e+01 1.7887e+01
1.8032e+01 2.2113e+01 2.4120e+01 2.5950e+01 2.6407e+01 2.7225e+01 2.6530e+01 2.4359e+01 2.1932e+01 1.8451e+01
1.9329e+01 2.2107e+01 2.5419e+01 2.6858e+01 2.8527e+01 2.7279e+01 2.7738e+01 2.5878e+01 2.3190e+01 1.8205e+01
1.8644e+01 2.2840e+01 2.5532e+01 2.6803e+01 2.7980e+01 2.8334e+01 2.6677e+01 2.6078e+01 2.3007e+01 1.8365e+01
1.8168e+01 2.2224e+01 2.5638e+01 2.6287e+01 2.7057e+01 2.6980e+01 2.6118e+01 2.3810e+01 2.2807e+01 1.8555e+01
1.7284e+01 2.1406e+01 2.3503e+01 2.4803e+01 2.5955e+01 2.5541e+01 2.4487e+01 2.3555e+01 2.1573e+01 1.7358e+01
1.5810e+01 1.9044e+01 2.1032e+01 2.2700e+01 2.2095e+01 2.2973e+01 2.2661e+01 2.1589e+01 1.9686e+01 1.5968e+01
1.2802e+01 1.4991e+01 1.7582e+01 1.8180e+01 1.8296e+01 1.8044e+01 1.7676e+01 1.6987e+01 1.5986e+01 1.3177e+01
Time Step 14
1.3038e+01 1.6106e+01 1.7777e+01 1.9114e+01 1.9318e+01 1.8612e+01 1.7831e+01 1.7448e+01 1.5903e+01 1.2797e+01
1.5847e+01 1.9304e+01 2.0845e+01 2.3273e+01 2.3524e+01 2.3147e+01 2.2173e+01 2.1535e+01 1.9169e+01 1.5854e+01
1.7334e+01 2.1341e+01 2.3045e+01 2.4681e+01 2.5734e+01 2.5000e+01 2.4740e+01 2.3549e+01 2.1827e+01 1.6831e+01
1.8592e+01 2.2052e+01 2.5457e+01 2.5935e+01 2.6932e+01 2.7512e+01 2.6294e+01 2.4862e+01 2.1953e+01 1.8395e+01
1.8677e+01 2.2986e+01 2.5326e+01 2.6813e+01 2.7363e+01 2.7413e+01 2.6773e+01 2.5322e+01 2.2712e+01 1.9038e+01
1.9169e+01 2.2677e+01 2.5376e+01 2.7197e+01 2.7637e+01 2.7785e+01 2.7115e+01 2.6725e+01 2.3408e+01 1.8938e+01
1.7898e+01 2.2826e+01 2.4923e+01 2.6708e+01 2.6819e+01 2.6910e+01 2.6744e+01 2.4538e+01 2.2482e+01 1.8528e+01
1.6835e+01 2.1552e+01 2.4114e+01 2.4888e+01 2.4950e+01 2.5902e+01 2.5313e+01 2.3632e+01 2.1097e+01 1.7780e+01
1.5277e+01 1.9953e+01 2.1530e+01 2.2937e+01 2.2880e+01 2.3086e+01 2.2568e+01 2.1100e+01 1.9537e+01 1.5516e+01
1.3012e+01 1.5581e+01 1.7205e+01 1.8296e+01 1.9141e+01 1.8742e+01 1.8287e+01 1.7469e+01 1.5659e+01 1.3602e+01
Time Step 15
1.2713e+01 1.6033e+01 1.7336e+01 1.8081e+01 1.8180e+01 1.9133e+01 1.8191e+01 1.7375e+01 1.5910e+01 1.3207e+01
1.5530e+01 1.8679e+01 2.1621e+01 2.1677e+01 2.3428e+01 2.2962e+01 2.2360e+01 2.1497e+01 1.9301e+01 1.5688e+01
1.7503e+01 2.0890e+01 2.3609e+01 2.5151e+01 2.4804e+01 2.5928e+01 2.5049e+01 2.3622e+01 2.0704e+01 1.6632e+01
1.8120e+01 2.2384e+01 2.5385e+01 2.5627e+01 2.6739e+01 2.6861e+01 2.6115e+01 2.5241e+01 2.2822e+01 1.8451e+01
1.8576e+01 2.2982e+01 2.5059e+01 2.6325e+01 2.7155e+01 2.7285e+01 2.6562e+01 2.6297e+01 2.2804e+01 1.9137e+01
1.8566e+01 2.2939e+01 2.5477e+01 2.6850e+01 2.7115e+01 2.7846e+01 2.7501e+01 2.5735e+01 2.2634e+01 1.8740e+01
1.7968e+01 2.1589e+01 2.5048e+01 2.6105e+01 2.6521e+01 2.6791e+01 2.5857e+01 2.4536e+01 2.3069e+01 1.8292e+01
1.6814e+01 2.1254e+01 2.3815e+01 2.5123e+01 2.5385e+01 2.5293e+01 2.4846e+01 2.4279e+01 2.1351e+01 1.7325e+01
1.5918e+01 1.9508e+01 2.1266e+01 2.2070e+01 2.3726e+01 2.3064e+01 2.2356e+01 2.1671e+01 1.9322e+01 1.5533e+01
1.2979e+01 1.5051e+01 1.6355e+01 1.8256e+01 1.9435e+01 1.8998e+01 1.8069e+01 1.7171e+01 1.5671e+01 1.2746e+01
Time Step 16
1.3104e+01 1.5833e+01 1.6916e+01 1.7995e+01 1.8268e+01 1.8888e+01 1.8358e+01 1.7825e+01 1.5974e+01 1.2733e+01
1.6280e+01 1.9690e+01 2.1676e+01 2.1615e+01 2.2752e+01 2.2260e+01 2.2772e+01 2.1660e+01 1.9235e+01 1.4946e+01
1.6731e+01 2.0797e+01 2.2649e+01 2.6006e+01 2.4656e+01 2.5862e+01 2.5522e+01 2.3901e+01 2.1976e+01 1.6872e+01
1.8630e+01 2.2222e+01 2.4527e+01 2.6048e+01 2.6588e+01 2.7111e+01 2.5506e+01 2.5547e+01 2.2025e+01 1.7744e+01
1.8231e+01 2.2849e+01 2.5589e+01 2.7142e+01 2.7825e+01 2.6849e+01 2.7613e+01 2.5004e+01 2.2799e+01 1.9215e+01
1.8358e+01 2.2121e+01 2.6219e+01 2.6525e+01 2.8690e+01 2.8341e+01 2.6597e+01 2.5411e+01 2.2909e+01 1.9428e+01
1.8106e+01 2.2371e+01 2.5361e+01 2.6213e+01 2.6299e+01 2.6335e+01 2.6150e+01 2.5195e+01 2.2343e+01 1.8091e+01
1.6864e+01 2.1766e+01 2.3257e+01 2.4907e+01 2.5348e+01 2.4572e+01 2.4375e+01 2.4131e+01 2.1327e+01 1.7756e+01
1.6504e+01 1.9515e+01 2.1924e+01 2.1352e+01 2.2969e+01 2.3497e+01 2.2113e+01 2.1817e+01 1.8719e+01 1.6055e+01
1.2893e+01 1.6113e+01 1.7238e+01 1.7946e+01 1.8629e+01 1.8910e+01 1.8419e+01 1.6665e+01 1.5898e+01 1.3482e+01
Time Step 17
1.3919e+01 1.5638e+01 1.7498e+01 1.8286e+01 1.9216e+01 1.8377e+01 1.8094e+01 1.7612e+01 1.6047e+01 1.3194e+01
1.5758e+01 1.9157e+01 2.0782e+01 2.2935e+01 2.2422e+01 2.3291e+01 2.2543e+01 2.1474e+01 1.9109e+01 1.5452e+01
1.6868e+01 2.1571e+01 2.3518e+01 2.4196e+01 2.5630e+01 2.6015e+01 2.5294e+01 2.3031e+01 2.0707e+01 1.6905e+01
1.8585e+01 2.2487e+01 2.5604e+01 2.6231e+01 2.7183e+01 2.6959e+01 2.6537e+01 2.5122e+01 2.2534e+01 1.8330e+01
1.8498e+01 2.2767e+01 2.4303e+01 2.7683e+01 2.7009e+01 2.7994e+01 2.6246e+01 2.5346e+01 2.3390e+01 1.8909e+01
1.8853e+01 2.3230e+01 2.5646e+01 2.6929e+01 2.7150e+01 2.7075e+01 2.7628e+01 2.4958e+01 2.2284e+01 1.8453e+01
1.8146e+01 2.2291e+01 2.4735e+01 2.7064e+01 2.6613e+01 2.7723e+01 2.5940e+01 2.4854e+01 2.2628e+01 1.8425e+01
1.6805e+01 1.9693e+01 2.2958e+01 2.4653e+01 2.4883e+01 2.5394e+01 2.4588e+01 2.4393e+01 2.1520e+01 1.7795e+01
1.5817e+01 1.8994e+01 2.1487e+01 2.2080e+01 2.3246e+01 2.3372e+01 2.2174e+01 2.1866e+01 1.9038e+01 1.5071e+01
1.2991e+01 1.6317e+01 1.7405e+01 1.7789e+01 1.8784e+01 1.8626e+01 1.7975e+01 1.6706e+01 1.6408e+01 1.3265e+01
Time Step 18
1.3205e+01 1.6207e+01 1.8036e+01 1.8226e+01 1.8510e+01 1.8136e+01 1.9058e+01 1.7535e+01 1.5661e+01 1.3464e+01
1.5886e+01 1.9644e+01 2.0922e+01 2.2578e+01 2.2343e+01 2.2257e+01 2.2545e+01 2.2136e+01 1.9219e+01 1.5558e+01
1.7173e+01 2.1768e+01 2.3040e+01 2.5451e+01 2.4950e+01 2.4488e+01 2.4074e+01 2.2766e+01 2.1150e+01 1.7435e+01
1.8124e+01 2.2084e+01 2.4589e+01 2.4889e+01 2.7169e+01 2.6857e+01 2.6423e+01 2.5265e+01 2.1885e+01 1.7597e+01
1.8000e+01 2.3103e+01 2.5442e+01 2.6626e+01 2.7532e+01 2.7088e+01 2.6983e+01 2.5323e+01 2.3204e+01 1.8678e+01
1.8666e+01 2.2672e+01 2.5171e+01 2.6375e+01 2.8207e+01 2.7762e+01 2.7378e+01 2.4677e+01 2.3149e+01 1.9286e+01
1.8772e+01 2.2447e+01 2.4866e+01 2.6808e+01 2.7175e+01 2.6854e+01 2.6026e+01 2.4223e+01 2.2314e+01 1.8752e+01
1.7246e+01 2.1366e+01 2.3608e+01 2.4921e+01 2.4902e+01 2.5931e+01 2.5644e+01 2.3630e+01 2.0756e+01 1.7017e+01
1.5895e+01 1.9330e+01 2.1338e+01 2.3129e+01 2.2338e+01 2.1939e+01 2.1913e+01 2.1632e+01 1.8953e+01 1.6136e+01
1.2784e+01 1.5800e+01 1.7423e+01 1.7943e+01 1.8602e+01 1.8607e+01 1.7764e+01 1.7531e+01 1.6423e+01 1.3043e+01
Time Step 19
1.2958e+01 1.6311e+01 1.7162e+01 1.9063e+01 1.8359e+01 1.9088e+01 1.8260e+01 1.7453e+01 1.5092e+01 1.2993e+01
1.5949e+01 1.8619e+01 2.1420e+01 2.2708e+01 2.3238e+01 2.2887e+01 2.2257e+01 2.1018e+01 1.8975e+01 1.5117e+01
1.7220e+01 2.1359e+01 2.3619e+01 2.4544e+01 2.5488e+01 2.5942e+01 2.4258e+01 2.4108e+01 2.1205e+01 1.6879e+01
1.7536e+01 2.2171e+01 2.5617e+01 2.6370e+01 2.7791e+01 2.7327e+01 2.6336e+01 2.4355e+01 2.2424e+01 1.8995e+01
1.8686e+01 2.2243e+01 2.5191e+01 2.6549e+01 2.7410e+01 2.7759e+01 2.7957e+01 2.5491e+01 2.3517e+01 1.9081e+01
1.8289e+01 2.2605e+01 2.5185e+01 2.5840e+01 2.7448e+01 2.7600e+01 2.6622e+01 2.4791e+01 2.2187e+01 1.8356e+01
1.7816e+01 2.2423e+01 2.4950e+01 2.5869e+01 2.6452e+01 2.8232e+01 2.6208e+01 2.4998e+01 2.2817e+01 1.8607e+01
1.7835e+01 2.1103e+01 2.3809e+01 2.4032e+01 2.5347e+01 2.3803e+01 2.4330e+01 2.4049e+01 2.1636e+01 1.6600e+01
1.6454e+01 1.9376e+01 2.1556e+01 2.2677e+01 2.2857e+01 2.2596e+01 2.2601e+01 2.1344e+01 1.9639e+01 1.5123e+01
1.3289e+01 1.6624e+01 1.7160e+01 1.7716e+01 1.7665e+01 1.8176e+01 1.8183e+01 1.7876e+01 1.5239e+01 1.3149e+01
Time Step 20
1.3187e+01 1.5707e+01 1.7073e+01 1.9034e+01 1.8796e+01 1.8488e+01 1.8899e+01 1.7615e+01 1.5951e+01 1.3748e+01
1.5928e+01 1.9403e+01 2.0391e+01 2.2491e+01 2.2960e+01 2.3275e+01 2.2860e+01 2.2142e+01 1.9523e+01 1.5899e+01
1.7910e+01 2.1359e+01 2.2782e+01 2.5077e+01 2.6106e+01 2.5605e+01 2.5115e+01 2.3928e+01 2.1163e+01 1.6729e+01
1.8245e+01 2.3067e+01 2.5015e+01 2.5892e+01 2.7217e+01 2.6843e+01 2.6319e+01 2.4639e+01 2.1963e+01 1.8667e+01
1.8951e+01 2.3090e+01 2.6280e+01 2.6473e+01 2.7996e+01 2.8039e+01 2.7698e+01 2.5748e+01 2.3372e+01 1.8604e+01
1.8544e+01 2.2808e+01 2.5173e+01 2.6648e+01 2.7293e+01 2.7840e+01 2.6919e+01 2.6210e+01 2.3090e+01 1.8515e+01
1.7860e+01 2.2935e+01 2.5517e+01 2.5912e+01 2.6520e+01 2.6226e+01 2.6441e+01 2.4725e+01 2.2077e+01 1.8012e+01
1.7393e+01 2.1561e+01 2.4250e+01 2.4473e+01 2.5169e+01 2.5447e+01 2.4532e+01 2.3569e+01 2.1226e+01 1.8263e+01
1.5184e+01 1.9631e+01 2.0548e+01 2.2670e+01 2.2491e+01 2.2403e+01 2.2237e+01 2.1079e+01 1.9372e+01 1.5289e+01
1.2897e+01 1.5530e+01 1.6931e+01 1.7995e+01 1.9209e+01 1.9103e+01 1.8531e+01 1.7986e+01 1.6284e+01 1.3484e+01
Time Step 21
1.2931e+01 1.6132e+01 1.7590e+01 1.8508e+01 1.8636e+01 1.9125e+01 1.8493e+01 1.7233e+01 1.5827e+01 1.3324e+01
1.5585e+01 1.9361e+01 2.1713e+01 2.2030e+01 2.3244e+01 2.2540e+01 2.2605e+01 2.0823e+01 1.9272e+01 1.5338e+01
1.6685e+01 2.1502e+01 2.3623e+01 2.4941e+01 2.5477e+01 2.6030e+01 2.5089e+01 2.3784e+01 2.1754e+01 1.7559e+01
1.8381e+01 2.2296e+01 2.5172e+01 2.5492e+01 2.7258e+01 2.6721e+01 2.5421e+01 2.4065e+01 2.2411e+01 1.7588e+01
1.8858e+01 2.3193e+01 2.5446e+01 2.6898e+01 2.6172e+01 2.7999e+01 2.6799e+01 2.5431e+01 2.2884e+01 1.9383e+01
1.9094e+01 2.3224e+01 2.5393e+01 2.6622e+01 2.7399e+01 2.7079e+01 2.6539e+01 2.5477e+01 2.2428e+01 1.8528e+01
1.8362e+01 2.2301e+01 2.5257e+01 2.5309e+01 2.7077e+01 2.6988e+01 2.5417e+01 2.4522e+01 2.1725e+01 1.8245e+01
1.7252e+01 2.1524e+01 2.3860e+01 2.5092e+01 2.5256e+01 2.5385e+01 2.4945e+01 2.3171e+01 2.1493e+01 1.7065e+01
1.5994e+01 2.0232e+01 2.1209e+01 2.2117e+01 2.4045e+01 2.3182e+01 2.2245e+01 2.0819e+01 1.9573e+01 1.6440e+01
1.2595e+01 1.6126e+01 1.7359e+01 1.8263e+01 1.8133e+01 1.8621e+01 1.9193e+01 1.6996e+01 1.5181e+01 1.2789e+01
Time Step 22
1.2772e+01 1.5069e+01 1.7007e+01 1.7795e+01 1.8315e+01 1.8918e+01 1.8093e+01 1.7571e+01 1.6297e+01 1.3601e+01
1.5537e+01 1.9028e+01 2.1914e+01 2.2307e+01 2.2764e+01 2.2654e+01 2.1717e+01 2.1396e+01 1.9135e+01 1.5400e+01
1.7481e+01 2.1034e+01 2.4455e+01 2.4991e+01 2.5911e+01 2.5224e+01 2.4871e+01 2.3275e+01 2.1027e+01 1.6979e+01
1.8383e+01 2.1877e+01 2.5099e+01 2.6830e+01 2.6771e+01 2.6852e+01 2.6410e+01 2.5192e+01 2.1752e+01 1.8376e+01
1.9188e+01 2.3419e+01 2.5456e+01 2.7234e+01 2.7436e+01 2.8041e+01 2.7527e+01 2.4882e+01 2.2623e+01 1.8708e+01
1.8942e+01 2.3415e+01 2.5299e+01 2.7434e+01 2.7587e+01 2.7570e+01 2.6670e+01 2.5924e+01 2.3039e+01 1.9499e+01
1.8428e+01 2.2166e+01 2.4423e+01 2.6742e+01 2.7087e+01 2.7394e+01 2.7057e+01 2.5229e+01 2.2249e+01 1.8106e+01
1.7327e+01 2.0875e+01 2.3777e+01 2.4824e+01 2.5345e+01 2.4897e+01 2.4841e+01 2.2695e+01 2.1369e+01 1.7912e+01
1.5163e+01 1.8692e+01 2.0564e+01 2.2467e+01 2.3508e+01 2.2865e+01 2.2951e+01 2.1168e+01 1.9354e+01 1.5684e+01
1.4128e+01 1.5577e+01 1.7730e+01 1.7740e+01 1.8859e+01 1.9174e+01 1.8538e+01 1.7579e+01 1.5449e+01 1.2865e+01
Time Step 23
1.3590e+01 1.5595e+01 1.7849e+01 1.8217e+01 1.8235e+01 1.9158e+01 1.8419e+01 1.7543e+01 1.5637e+01 1.3858e+01
1.5806e+01 1.9290e+01 2.1285e+01 2.2582e+01 2.2628e+01 2.3066e+01 2.2860e+01 2.1037e+01 1.9213e+01 1.5671e+01
1.7324e+01 2.1028e+01 2.3612e+01 2.5234e+01 2.6090e+01 2.4890e+01 2.4528e+01 2.3510e+01 2.1590e+01 1.7834e+01
1.8005e+01 2.2947e+01 2.5560e+01 2.6961e+01 2.6778e+01 2.7364e+01 2.6722e+01 2.4207e+01 2.2399e+01 1.8325e+01
1.9151e+01 2.2973e+01 2.6343e+01 2.7175e+01 2.7840e+01 2.7644e+01 2.7352e+01 2.4954e+01 2.2971e+01 1.9443e+01
1.8721e+01 2.2748e+01 2.5355e+01 2.7056e+01 2.7342e+01 2.7599e+01 2.6648e+01 2.5633e+01 2.3427e+01 1.8874e+01
1.8167e+01 2.2768e+01 2.4550e+01 2.6006e+01 2.6759e+01 2.6968e+01 2.5721e+01 2.4807e+01 2.2731e+01 1.7958e+01
1.6523e+01 2.1016e+01 2.3482e+01 2.4641e+01 2.5367e+01 2.4934e+01 2.4931e+01 2.3097e+01 2.0948e+01 1.8077e+01
1.5590e+01 1.9163e+01 2.1269e+01 2.2217e+01 2.2351e+01 2.2969e+01 2.2334e+01 2.1744e+01 1.9819e+01 1.6544e+01
1.2817e+01 1.5881e+01 1.7112e+01 1.8883e+01 1.9511e+01 1.8612e+01 1.7894e+01 1.6905e+01 1.5793e+01 1.2571e+01
Time Step 24
1.3336e+01 1.5878e+01 1.7598e+01 1.8764e+01 1.8460e+01 1.8878e+01 1.8303e+01 1.6827e+01 1.6076e+01 1.2819e+01
1.5577e+01 1.8970e+01 2.1722e+01 2.1740e+01 2.3189e+01 2.2966e+01 2.2536e+01 2.1206e+01 1.8763e+01 1.5676e+01
1.7334e+01 2.0908e+01 2.3363e+01 2.4843e+01 2.4769e+01 2.6046e+01 2.4684e+01 2.3778e+01 2.1381e+01 1.7361e+01
1.8719e+01 2.2523e+01 2.5145e+01 2.6146e+01 2.6212e+01 2.6748e+01 2.5835e+01 2.4813e+01 2.2080e+01 1.7532e+01
1.8451e+01 2.2630e+01 2.6301e+01 2.7087e+01 2.7316e+01 2.7046e+01 2.6288e+01 2.5992e+01 2.3248e+01 1.9357e+01
1.9012e+01 2.3340e+01 2.5720e+01 2.6157e+01 2.7253e+01 2.7535e+01 2.6330e+01 2.4924e+01 2.2618e+01 1.9646e+01
1.8553e+01 2.2314e+01 2.4245e+01 2.6131e+01 2.7157e+01 2.7358e+01 2.6277e+01 2.5082e+01 2.2256e+01 1.8239e+01
1.7361e+01 2.0186e+01 2.3276e+01 2.3448e+01 2.5765e+01 2.5762e+01 2.4525e+01 2.3452e+01 2.1339e+01 1.7344e+01
1.5521e+01 1.9237e+01 2.1691e+01 2.2632e+01 2.2991e+01 2.3107e+01 2.2220e+01 2.1413e+01 1.8936e+01 1.4977e+01
1.2764e+01 1.5294e+01 1.7375e+01 1.7833e+01 1.8411e+01 1.9265e+01 1.7925e+01 1.7377e+01 1.6109e+01 1.2662e+01
Time Step 25
1.2822e+01 1.5164e+01 1.7876e+01 1.8154e+01 1.8376e+01 1.8412e+01 1.9125e+01 1.7623e+01 1.5562e+01 1.3464e+01
1.5856e+01 1.8608e+01 2.1771e+01 2.2317e+01 2.2742e+01 2.2306e+01 2.1800e+01 2.0968e+01 1.8800e+01 1.5491e+01
1.7265e+01 2.1593e+01 2.3316e+01 2.4688e+01 2.5813e+01 2.5559e+01 2.5140e+01 2.3785e+01 2.1159e+01 1.7503e+01
1.8677e+01 2.2860e+01 2.4494e+01 2.5133e+01 2.7324e+01 2.7245e+01 2.5726e+01 2.5774e+01 2.1891e+01 1.8086e+01
1.8301e+01 2.2565e+01 2.5546e+01 2.6901e+01 2.7822e+01 2.7950e+01 2.6338e+01 2.5773e+01 2.3164e+01 1.8830e+01
1.8756e+01 2.2827e+01 2.5246e+01 2.7153e+01 2.8247e+01 2.7226e+01 2.6608e+01 2.5328e+01 2.3177e+01 1.8580e+01
1.8332e+01 2.1874e+01 2.4943e+01 2.6657e+01 2.6704e+01 2.7157e+01 2.7430e+01 2.5226e+01 2.1806e+01 1.8526e+01
1.7180e+01 2.0771e+01 2.4118e+01 2.5242e+01 2.5696e+01 2.5819e+01 2.5010e+01 2.3165e+01 2.0719e+01 1.6903e+01
1.5619e+01 1.9919e+01 2.1485e+01 2.2861e+01 2.3049e+01 2.2668e+01 2.2408e+01 2.0886e+01 1.9138e+01 1.5606e+01
1.3218e+01 1.5642e+01 1.7555e+01 1.7683e+01 1.9287e+01 1.8819e+01 1.8085e+01 1.7435e+01 1.5721e+01 1.2819e+01
Time Step 26
1.2814e+01 1.5602e+01 1.7853e+01 1.8261e+01 1.8745e+01 1.9143e+01 1.7597e+01 1.7187e+01 1.5602e+01 1.2916e+01
1.5429e+01 1.8782e+01 2.1436e+01 2.2097e+01 2.3052e+01 2.3352e+01 2.2959e+01 2.1767e+01 1.9527e+01 1.5980e+01
1.7543e+01 2.2145e+01 2.3369e+01 2.4468e+01 2.5652e+01 2.6267e+01 2.5451e+01 2.3650e+01 2.1546e+01 1.7317e+01
1.8347e+01 2.1851e+01 2.6287e+01 2.6636e+01 2.8147e+01 2.6519e+01 2.6207e+01 2.5602e+01 2.2280e+01 1.8715e+01
1.8602e+01 2.2937e+01 2.5031e+01 2.7621e+01 2.7858e+01 2.9053e+01 2.6408e+01 2.5120e+01 2.2257e+01 1.8783e+01
1.8785e+01 2.2953e+01 2.5707e+01 2.6476e+01 2.7504e+01 2.7122e+01 2.7205e+01 2.5255e+01 2.3418e+01 1.8975e+01
1.7872e+01 2.2386e+01 2.4854e+01 2.5396e+01 2.6974e+01 2.6597e+01 2.6305e+01 2.5496e+01 2.2871e+01 1.8840e+01
1.7417e+01 2.1152e+01 2.2534e+01 2.4813e+01 2.5657e+01 2.6122e+01 2.4890e+01 2.3675e+01 2.1724e+01 1.7450e+01
1.6492e+01 1.9576e+01 2.0990e+01 2.1883e+01 2.2774e+01 2.3196e+01 2.1993e+01 2.1438e+01 1.8982e+01 1.6213e+01
1.3476e+01 1.6197e+01 1.7234e+01 1.8327e+01 1.8667e+01 1.8744e+01 1.8536e+01 1.7141e+01 1.5007e+01 1.3571e+01
Time Step 27
1.2621e+01 1.5697e+01 1.7663e+01 1.8021e+01 1.8579e+01 1.9018e+01 1.8906e+01 1.6305e+01 1.6376e+01 1.3441e+01
1.5374e+01 1.8946e+01 2.1482e+01 2.2668e+01 2.3496e+01 2.3315e+01 2.2946e+01 2.1154e+01 1.9312e+01 1.5527e+01
1.7559e+01 2.1279e+01 2.2888e+01 2.4842e+01 2.5975e+01 2.5621e+01 2.5017e+01 2.3618e+01 2.1728e+01 1.7625e+01
1.8353e+01 2.2011e+01 2.4461e+01 2.6221e+01 2.6761e+01 2.7313e+01 2.6571e+01 2.5306e+01 2.2555e+01 1.7925e+01
1.8429e+01 2.2150e+01 2.5088e+01 2.6643e+01 2.7988e+01 2.7254e+01 2.6525e+01 2.6223e+01 2.2735e+01 1.8880e+01
1.8516e+01 2.3011e+01 2.5331e+01 2.6939e+01 2.7742e+01 2.8165e+01 2.7955e+01 2.5101e+01 2.2454e+01 1.8503e+01
1.8088e+01 2.2144e+01 2.5051e+01 2.6818e+01 2.7093e+01 2.7580e+01 2.6389e+01 2.5446e+01 2.1824e+01 1.8460e+01
1.6675e+01 2.0831e+01 2.3626e+01 2.4497e+01 2.5270e+01 2.4383e+01 2.5160e+01 2.3439e+01 2.2045e+01 1.7323e+01
1.5660e+01 1.8880e+01 2.1462e+01 2.1969e+01 2.2642e+01 2.2944e+01 2.3018e+01 2.0859e+01 1.8674e+01 1.5765e+01
1.3343e+01 1.6318e+01 1.7874e+01 1.7843e+01 1.8171e+01 1.9138e+01 1.8934e+01 1.7425e+01 1.6686e+01 1.3045e+01
Time Step 28
1.2754e+01 1.5699e+01 1.7852e+01 1.8354e+01 1.8972e+01 1.8133e+01 1.8086e+01 1.7315e+01 1.6542e+01 1.3447e+01
1.5773e+01 1.9843e+01 2.1317e+01 2.2017e+01 2.2506e+01 2.3003e+01 2.1774e+01 2.1498e+01 1.9538e+01 1.6259e+01
1.8027e+01 2.0584e+01 2.3374e+01 2.4600e+01 2.5363e+01 2.5316e+01 2.4294e+01 2.3459e+01 2.1087e+01 1.7597e+01
1.7777e+01 2.1945e+01 2.5184e+01 2.6914e+01 2.7201e+01 2.6514e+01 2.5882e+01 2.4473e+01 2.1866e+01 1.7974e+01
1.9214e+01 2.2966e+01 2.6081e+01 2.6734e+01 2.7524e+01 2.6807e+01 2.7459e+01 2.5223e+01 2.2929e+01 1.8656e+01
1.9158e+01 2.3800e+01 2.5694e+01 2.7656e+01 2.7667e+01 2.7290e+01 2.6422e+01 2.5851e+01 2.2998e+01 1.8024e+01
1.8287e+01 2.2669e+01 2.4718e+01 2.6379e+01 2.6666e+01 2.6988e+01 2.7164e+01 2.4860e+01 2.2419e+01 1.8187e+01
1.8028e+01 2.1324e+01 2.2994e+01 2.4344e+01 2.4399e+01 2.5644e+01 2.4847e+01 2.3412e+01 2.1517e+01 1.7044e+01
1.5995e+01 1.9535e+01 2.0802e+01 2.2300e+01 2.2996e+01 2.3645e+01 2.1969e+01 2.1080e+01 1.9711e+01 1.5891e+01
1.2835e+01 1.5913e+01 1.6636e+01 1.7774e+01 1.7820e+01 1.8558e+01 1.8680e+01 1.6982e+01 1.6042e+01 1.2824e+01
Time Step 29
1.2354e+01 1.6164e+01 1.6844e+01 1.7842e+01 1.8831e+01 1.8579e+01 1.7789e+01 1.7994e+01 1.5366e+01 1.3258e+01
1.6229e+01 1.9203e+01 2.1250e+01 2.1562e+01 2.2936e+01 2.2145e+01 2.2177e+01 2.1273e+01 1.8777e+01 1.5299e+01
1.7570e+01 2.1976e+01 2.3272e+01 2.5727e+01 2.6276e+01 2.5252e+01 2.4313e+01 2.3244e+01 2.1064e+01 1.6954e+01
1.8724e+01 2.2826e+01 2.4279e+01 2.6333e+01 2.7035e+01 2.6514e+01 2.6103e+01 2.4802e+01 2.2109e+01 1.7806e+01
1.9031e+01 2.2463e+01 2.5926e+01 2.6758e+01 2.8320e+01 2.8499e+01 2.7541e+01 2.5604e+01 2.2518e+01 1.9900e+01
1.8201e+01 2.2914e+01 2.5447e+01 2.6814e+01 2.7266e+01 2.7709e+01 2.6630e+01 2.6139e+01 2.2682e+01 1.8471e+01
1.8880e+01 2.2018e+01 2.5251e+01 2.6749e+01 2.6684e+01 2.6430e+01 2.6473e+01 2.5022e+01 2.1885e+01 1.7850e+01
1.7519e+01 2.1046e+01 2.4666e+01 2.4226e+01 2.5682e+01 2.5616e+01 2.5009e+01 2.3363e+01 2.1428e+01 1.7195e+01
1.5749e+01 1.8544e+01 2.0966e+01 2.2655e+01 2.2269e+01 2.2574e+01 2.1954e+01 2.1086e+01 1.8863e+01 1.5589e+01
1.3019e+01 1.5599e+01 1.6953e+01 1.8306e+01 1.9786e+01 1.8467e+01 1.8188e+01 1.7445e+01 1.6017e+01 1.3530e+01
Time Step 30
1.3554e+01 1.5280e+01 1.7087e+01 1.7998e+01 1.8957e+01 1.8506e+01 1.7517e+01 1.6820e+01 1.5598e+01 1.2798e+01
1.5678e+01 1.8727e+01 2.1214e+01 2.2365e+01 2.3186e+01 2.3539e+01 2.1899e+01 2.1005e+01 1.9732e+01 1.6115e+01
1.7247e+01 2.0919e+01 2.3661e+01 2.5355e+01 2.5240e+01 2.5298e+01 2.5032e+01 2.4113e+01 2.1926e+01 1.6994e+01
1.8041e+01 2.3247e+01 2.4579e+01 2.6807e+01 2.6779e+01 2.6803e+01 2.6583e+01 2.4891e+01 2.2826e+01 1.8608e+01
1.8001e+01 2.3229e+01 2.5176e+01 2.7394e+01 2.7042e+01 2.8114e+01 2.6541e+01 2.5481e+01 2.2738e+01 1.9089e+01
1.8696e+01 2.1899e+01 2.5792e+01 2.7399e+01 2.8293e+01 2.7198e+01 2.7063e+01 2.5729e+01 2.2751e+01 1.8448e+01
1.8941e+01 2.3025e+01 2.5042e+01 2.5949e+01 2.6122e+01 2.7265e+01 2.6034e+01 2.4632e+01 2.2659e+01 1.8617e+01
1.7695e+01 2.0946e+01 2.3297e+01 2.5540e+01 2.4806e+01 2.4795e+01 2.5289e+01 2.3680e+01 2.1569e+01 1.6997e+01
1.4954e+01 1.8838e+01 2.0555e+01 2.1772e+01 2.3012e+01 2.2842e+01 2.2604e+01 2.0449e+01 1.9200e+01 1.5657e+01
1.3394e+01 1.6044e+01 1.7888e+01 1.7813e+01 1.8845e+01 1.9310e+01 1.8548e+01 1.7207e+01 1.5650e+01 1.2810e+01
Time Step 31
1.3302e+01 1.5337e+01 1.7310e+01 1.8715e+01 1.8462e+01 1.7688e+01 1.7682e+01 1.7648e+01 1.6387e+01 1.2822e+01
1.5908e+01 1.8877e+01 2.0938e+01 2.2604e+01 2.3776e+01 2.2542e+01 2.2314e+01 2.0434e+01 1.9031e+01 1.5521e+01
1.6765e+01 2.2318e+01 2.3808e+01 2.4686e+01 2.5017e+01 2.6486e+01 2.4039e+01 2.3863e+01 2.0706e+01 1.7263e+01
1.8373e+01 2.3290e+01 2.4071e+01 2.5816e+01 2.7069e+01 2.6977e+01 2.6518e+01 2.4835e+01 2.2876e+01 1.8224e+01
1.8839e+01 2.3497e+01 2.6635e+01 2.6919e+01 2.7517e+01 2.7714e+01 2.6735e+01 2.5760e+01 2.3308e+01 1.8889e+01
1.9007e+01 2.3012e+01 2.4914e+01 2.7336e+01 2.7606e+01 2.7220e+01 2.6844e+01 2.5412e+01 2.3119e+01 1.8972e+01
1.8242e+01 2.2434e+01 2.4142e+01 2.6429e+01 2.6537e+01 2.6030e+01 2.6443e+01 2.5294e+01 2.1876e+01 1.8263e+01
1.7361e+01 2.1586e+01 2.3951e+01 2.4470e+01 2.5289e+01 2.5684e+01 2.5374e+01 2.2603e+01 2.1411e+01 1.6696e+01
1.6480e+01 1.9863e+01 2.1455e+01 2.2431e+01 2.3411e+01 2.2727e+01 2.1677e+01 2.1852e+01 1.8800e+01 1.5764e+01
1.2360e+01 1.5907e+01 1.8080e+01 1.8183e+01 1.8738e+01 1.8131e+01 1.8600e+01 1.7374e+01 1.5829e+01 1.2796e+01
Time Step 32
1.3347e+01 1.5800e+01 1.8201e+01 1.8436e+01 1.9507e+01 1.8273e+01 1.8617e+01 1.7474e+01 1.5688e+01 1.3205e+01
1.5524e+01 1.9006e+01 2.1150e+01 2.2564e+01 2.3197e+01 2.3122e+01 2.2878e+01 2.2027e+01 1.8958e+01 1.5390e+01
1.7582e+01 2.1273e+01 2.3216e+01 2.4833e+01 2.5754e+01 2.6099e+01 2.5049e+01 2.3755e+01 2.1385e+01 1.7061e+01
1.7815e+01 2.1991e+01 2.5136e+01 2.6700e+01 2.6796e+01 2.7306e+01 2.6642e+01 2.5345e+01 2.2397e+01 1.8050e+01
1.8667e+01 2.3732e+01 2.5368e+01 2.6605e+01 2.7051e+01 2.7055e+01 2.6667e+01 2.5220e+01 2.2005e+01 1.9009e+01
1.8895e+01 2.2876e+01 2.5478e+01 2.6943e+01 2.8112e+01 2.6681e+01 2.6497e+01 2.5848e+01 2.3218e+01 1.8834e+01
1.8090e+01 2.2272e+01 2.4823e+01 2.6354e+01 2.7730e+01 2.7407e+01 2.6566e+01 2.4532e+01 2.2271e+01 1.8688e+01
1.7055e+01 2.1397e+01 2.3243e+01 2.4270e+01 2.5373e+01 2.5174e+01 2.3787e+01 2.3921e+01 2.0717e+01 1.7203e+01
1.5230e+01 1.8905e+01 2.2066e+01 2.2306e+01 2.3595e+01 2.2630e+01 2.2319e+01 2.0656e+01 1.9413e+01 1.6273e+01
1.2491e+01 1.5566e+01 1.6923e+01 1.8009e+01 1.8957e+01 1.8259e+01 1.8233e+01 1.7082e+01 1.5159e+01 1.3265e+01
Time Step 33
1.3385e+01 1.5774e+01 1.7164e+01 1.8295e+01 1.8968e+01 1.8791e+01 1.8388e+01 1.7576e+01 1.6021e+01 1.3326e+01
1.5845e+01 1.9374e+01 2.1384e+01 2.3124e+01 2.3197e+01 2.2815e+01 2.2137e+01 2.2238e+01 1.9848e+01 1.6161e+01
1.7456e+01 2.1193e+01 2.4195e+01 2.5075e+01 2.4826e+01 2.5275e+01 2.5378e+01 2.3332e+01 2.1374e+01 1.7121e+01
1.8567e+01 2.2806e+01 2.5144e+01 2.6394e+01 2.7623e+01 2.6353e+01 2.7260e+01 2.4778e+01 2.2318e+01 1.7289e+01
1.8882e+01 2.2920e+01 2.6703e+01 2.6784e+01 2.7900e+01 2.7929e+01 2.8234e+01 2.5089e+01 2.3018e+01 1.8577e+01
1.8129e+01 2.2900e+01 2.5317e+01 2.7040e+01 2.7453e+01 2.7432e+01 2.6627e+01 2.5418e+01 2.2620e+01 1.9025e+01
1.7988e+01 2.2706e+01 2.4168e+01 2.5958e+01 2.7239e+01 2.6997e+01 2.6579e+01 2.4205e+01 2.2423e+01 1.8389e+01
1.7607e+01 2.1159e+01 2.3434e+01 2.4764e+01 2.4512e+01 2.5287e+01 2.5056e+01 2.3439e+01 2.1562e+01 1.7647e+01
1.6634e+01 1.8818e+01 2.0543e+01 2.1991e+01 2.3233e+01 2.2493e+01 2.2705e+01 2.1013e+01 1.9311e+01 1.5693e+01
1.3581e+01 1.5483e+01 1.7054e+01 1.8214e+01 1.8578e+01 1.8551e+01 1.7860e+01 1.7284e+01 1.5786e+01 1.3422e+01
Time Step 34
1.4132e+01 1.5954e+01 1.7393e+01 1.7550e+01 1.8698e+01 1.8529e+01 1.8252e+01 1.7435e+01 1.6228e+01 1.3295e+01
1.5375e+01 1.9299e+01 2.0950e+01 2.2698e+01 2.2667e+01 2.3619e+01 2.2694e+01 2.1602e+01 1.8622e+01 1.6185e+01
1.7951e+01 2.1184e+01 2.3454e+01 2.4425e+01 2.5379e+01 2.6054e+01 2.5657e+01 2.3259e+01 2.1042e+01 1.7827e+01
1.8150e+01 2.1606e+01 2.4585e+01 2.6118e+01 2.7206e+01 2.6838e+01 2.6507e+01 2.4525e+01 2.2697e+01 1.8305e+01
1.8795e+01 2.3336e+01 2.4939e+01 2.7078e+01 2.8083e+01 2.7362e+01 2.6234e+01 2.5243e+01 2.2841e+01 1.8767e+01
1.8427e+01 2.2748e+01 2.5735e+01 2.7278e+01 2.8021e+01 2.7731e+01 2.6220e+01 2.5462e+01 2.2264e+01 1.8203e+01
1.7871e+01 2.2174e+01 2.4841e+01 2.6001e+01 2.6861e+01 2.7357e+01 2.5458e+01 2.4967e+01 2.2815e+01 1.8192e+01
1.7504e+01 2.2066e+01 2.3186e+01 2.4557e+01 2.5004e+01 2.4934e+01 2.4626e+01 2.3147e+01 2.0911e+01 1.7763e+01
1.6200e+01 1.9431e+01 2.1710e+01 2.2019e+01 2.3501e+01 2.3614e+01 2.2724e+01 2.1756e+01 1.9132e+01 1.5921e+01
1.3099e+01 1.5324e+01 1.7489e+01 1.7941e+01 1.8695e+01 1.9124e+01 1.8177e+01 1.7045e+01 1.5541e+01 1.2971e+01
Time Step 35
1.3069e+01 1.5526e+01 1.7374e+01 1.8797e+01 1.8313e+01 1.9049e+01 1.7185e+01 1.7096e+01 1.6015e+01 1.2921e+01
1.5734e+01 1.9381e+01 2.0982e+01 2.1792e+01 2.2818e+01 2.2564e+01 2.2722e+01 2.1606e+01 1.9755e+01 1.5236e+01
1.6729e+01 2.1244e+01 2.2769e+01 2.5005e+01 2.4682e+01 2.6170e+01 2.4360e+01 2.3291e+01 2.1928e+01 1.6848e+01
1.8577e+01 2.2031e+01 2.4682e+01 2.6706e+01 2.6422e+01 2.6619e+01 2.6453e+01 2.4925e+01 2.2445e+01 1.7583e+01
1.8750e+01 2.3224e+01 2.5167e+01 2.7416e+01 2.7685e+01 2.8339e+01 2.6542e+01 2.6014e+01 2.3086e+01 1.8101e+01
1.8281e+01 2.3163e+01 2.4956e+01 2.6791e+01 2.7835e+01 2.7660e+01 2.7801e+01 2.5210e+01 2.3851e+01 1.9271e+01
1.8624e+01 2.2393e+01 2.4622e+01 2.6378e+01 2.7297e+01 2.6963e+01 2.6381e+01 2.5522e+01 2.2429e+01 1.8310e+01
1.7973e+01 2.1197e+01 2.3251e+01 2.5065e+01 2.6151e+01 2.5281e+01 2.4811e+01 2.3378e+01 2.1362e+01 1.7328e+01
1.5608e+01 1.8709e+01 2.1768e+01 2.2113e+01 2.4113e+01 2.3580e+01 2.2234e+01 2.0944e+01 1.9318e+01 1.6227e+01
1.2861e+01 1.5582e+01 1.7639e+01 1.7599e+01 1.8899e+01 1.8717e+01 1.7739e+01 1.7080e+01 1.5558e+01 1.3725e+01
Time Step 36
1.2705e+01 1.5237e+01 1.6985e+01 1.8112e+01 1.8470e+01 1.8816e+01 1.8257e+01 1.6857e+01 1.5700e+01 1.3249e+01
1.5956e+01 1.8983e+01 2.0967e+01 2.2809e+01 2.2422e+01 2.2986e+01 2.1920e+01 2.0537e+01 1.9828e+01 1.5170e+01
1.7373e+01 2.0903e+01 2.3861e+01 2.4879e+01 2.5065e+01 2.5890e+01 2.4643e+01 2.4110e+01 2.1159e+01 1.7742e+01
1.8594e+01 2.2250e+01 2.5017e+01 2.5934e+01 2.7573e+01 2.6488e+01 2.6016e+01 2.5133e+01 2.3301e+01 1.8443e+01
1.8718e+01 2.1847e+01 2.4970e+01 2.7441e+01 2.8357e+01 2.6661e+01 2.7308e+01 2.5039e+01 2.3190e+01 1.8837e+01
1.8512e+01 2.3443e+01 2.5487e+01 2.6750e+01 2.7810e+01 2.7535e+01 2.7234e+01 2.5437e+01 2.2783e+01 1.9204e+01
1.8767e+01 2.2612e+01 2.4976e+01 2.6580e+01 2.6573e+01 2.6668e+01 2.6352e+01 2.4825e+01 2.3120e+01 1.8449e+01
1.7201e+01 2.1214e+01 2.2581e+01 2.4752e+01 2.5523e+01 2.4775e+01 2.5172e+01 2.3087e+01 2.1622e+01 1.7203e+01
1.6034e+01 1.8820e+01 2.1414e+01 2.2511e+01 2.2304e+01 2.4149e+01 2.2398e+01 2.1595e+01 1.9709e+01 1.5470e+01
1.3103e+01 1.5852e+01 1.6828e+01 1.8415e+01 1.8913e+01 1.8744e+01 1.8708e+01 1.7310e+01 1.5745e+01 1.2632e+01
Time Step 37
1.3199e+01 1.5076e+01 1.7478e+01 1.8828e+01 1.8507e+01 1.8279e+01 1.7685e+01 1.7355e+01 1.5744e+01 1.3439e+01
1.6006e+01 1.9044e+01 2.1931e+01 2.2120e+01 2.2620e+01 2.2714e+01 2.2353e+01 2.1651e+01 1.8822e+01 1.6214e+01
1.6879e+01 2.1730e+01 2.3122e+01 2.4336e+01 2.5815e+01 2.5747e+01 2.5578e+01 2.3124e+01 2.1051e+01 1.7687e+01
1.8709e+01 2.3163e+01 2.4874e+01 2.5623e+01 2.6810e+01 2.6979e+01 2.5737e+01 2.4470e+01 2.3069e+01 1.8471e+01
1.8684e+01 2.2864e+01 2.5047e+01 2.6624e+01 2.7912e+01 2.7714e+01 2.7826e+01 2.6048e+01 2.3666e+01 1.8769e+01
1.7850e+01 2.3330e+01 2.4621e+01 2.7057e+01 2.8156e+01 2.7278e+01 2.6534e+01 2.4853e+01 2.2406e+01 1.8586e+01
1.8083e+01 2.2107e+01 2.5269e+01 2.6488e+01 2.6686e+01 2.6727e+01 2.5459e+01 2.5177e+01 2.2915e+01 1.8536e+01
1.7794e+01 2.1042e+01 2.4133e+01 2.5198e+01 2.5258e+01 2.5079e+01 2.4990e+01 2.3261e+01 2.1529e+01 1.6541e+01
1.5861e+01 1.9530e+01 2.1206e+01 2.2523e+01 2.3254e+01 2.3317e+01 2.2628e+01 2.1142e+01 1.9346e+01 1.6212e+01
1.2501e+01 1.6394e+01 1.7870e+01 1.8236e+01 1.8681e+01 1.8859e+01 1.8449e+01 1.7268e+01 1.5761e+01 1.2882e+01
Time Step 38
1.3349e+01 1.5407e+01 1.7686e+01 1.8346e+01 1.8961e+01 1.8608e+01 1.8296e+01 1.7209e+01 1.6005e+01 1.3341e+01
1.5931e+01 1.9155e+01 2.0671e+01 2.2084e+01 2.3105e+01 2.3226e+01 2.1436e+01 2.1741e+01 1.8818e+01 1.5724e+01
1.7676e+01 2.1018e+01 2.3788e+01 2.4781e+01 2.5219e+01 2.5531e+01 2.4808e+01 2.3429e+01 2.1209e+01 1.7690e+01
1.8257e+01 2.2514e+01 2.4984e+01 2.6213e+01 2.6892e+01 2.7525e+01 2.6085e+01 2.4322e+01 2.2446e+01 1.8217e+01
1.8824e+01 2.3042e+01 2.4795e+01 2.7116e+01 2.8102e+01 2.7820e+01 2.6777e+01 2.5774e+01 2.3077e+01 1.8890e+01
1.9134e+01 2.2704e+01 2.5358e+01 2.6686e+01 2.7236e+01 2.7902e+01 2.6611e+01 2.4633e+01 2.2972e+01 1.8561e+01
1.8471e+01 2.1699e+01 2.4517e+01 2.6677e+01 2.7404e+01 2.6246e+01 2.6128e+01 2.4545e+01 2.2497e+01 1.8246e+01
1.7486e+01 2.0140e+01 2.3699e+01 2.4595e+01 2.6585e+01 2.5065e+01 2.5844e+01 2.4197e+01 2.1395e+01 1.6971e+01
1.5549e+01 1.9651e+01 2.1523e+01 2.1931e+01 2.2855e+01 2.2733e+01 2.2128e+01 2.0742e+01 1.9412e+01 1.5796e+01
1.3504e+01 1.6043e+01 1.7341e+01 1.8691e+01 1.8369e+01 1.8305e+01 1.8573e+01 1.7798e+01 1.5941e+01 1.3051e+01
Time Step 39
1.2740e+01 1.6076e+01 1.7283e+01 1.7981e+01 1.8712e+01 1.9301e+01 1.8388e+01 1.7048e+01 1.5642e+01 1.2751e+01
1.5564e+01 1.9555e+01 2.1396e+01 2.1786e+01 2.2580e+01 2.2875e+01 2.2940e+01 2.0969e+01 1.9356e+01 1.5874e+01
1.6861e+01 2.1288e+01 2.4066e+01 2.4870e+01 2.6013e+01 2.5262e+01 2.4921e+01 2.3624e+01 2.1706e+01 1.8059e+01
1.8260e+01 2.2562e+01 2.5206e+01 2.6549e+01 2.6482e+01 2.6486e+01 2.6950e+01 2.4918e+01 2.2560e+01 1.8338e+01
1.8806e+01 2.2693e+01 2.6414e+01 2.6858e+01 2.7231e+01 2.7427e+01 2.7573e+01 2.5048e+01 2.3012e+01 1.8586e+01
1.8955e+01 2.3012e+01 2.5203e+01 2.7068e+01 2.6904e+01 2.7615e+01 2.7478e+01 2.5398e+01 2.3732e+01 1.8351e+01
1.8079e+01 2.3258e+01 2.3619e+01 2.5493e+01 2.7781e+01 2.6421e+01 2.5926e+01 2.4641e+01 2.2806e+01 1.8019e+01
1.8267e+01 2.0402e+01 2.3298e+01 2.5518e+01 2.5331e+01 2.4889e+01 2.4406e+01 2.3076e+01 2.1228e+01 1.7182e+01
1.5572e+01 1.9670e+01 2.0691e+01 2.2850e+01 2.2730e+01 2.2966e+01 2.1818e+01 2.1125e+01 1.8465e+01 1.5756e+01
1.3466e+01 1.5604e+01 1.7210e+01 1.8185e+01 1.8837e+01 1.8455e+01 1.8260e+01 1.7288e+01 1.5741e+01 1.2797e+01
Time Step 40
1.3445e+01 1.5601e+01 1.7334e+01 1.8684e+01 1.8566e+01 1.8817e+01 1.8903e+01 1.7062e+01 1.5958e+01 1.3253e+01
1.5803e+01 1.9600e+01 2.1010e+01 2.3504e+01 2.3500e+01 2.2922e+01 2.2666e+01 2.1490e+01 1.9420e+01 1.6153e+01
1.7512e+01 2.1493e+01 2.3635e+01 2.4165e+01 2.6275e+01 2.5242e+01 2.3964e+01 2.3706e+01 2.1881e+01 1.7202e+01
1.8061e+01 2.1968e+01 2.4721e+01 2.5926e+01 2.6941e+01 2.6730e+01 2.6495e+01 2.4841e+01 2.2209e+01 1.8784e+01
1.9019e+01 2.2276e+01 2.5747e+01 2.6657e+01 2.7790e+01 2.7867e+01 2.6720e+01 2.5617e+01 2.2797e+01 1.8205e+01
1.8725e+01 2.3707e+01 2.5082e+01 2.6528e+01 2.8183e+01 2.7707e+01 2.7161e+01 2.6370e+01 2.3035e+01 1.8531e+01
1.7880e+01 2.2684e+01 2.4685e+01 2.7061e+01 2.6735e+01 2.7261e+01 2.5981e+01 2.5617e+01 2.1885e+01 1.8231e+01
1.7256e+01 2.1294e+01 2.3499e+01 2.4334e+01 2.5749e+01 2.5182e+01 2.4495e+01 2.2972e+01 2.1251e+01 1.6544e+01
1.5570e+01 1.9320e+01 2.0912e+01 2.3182e+01 2.3311e+01 2.2693e+01 2.2266e+01 2.1340e+01 1.9789e+01 1.5578e+01
1.2932e+01 1.5388e+01 1.6874e+01 1.8163e+01 1.9127e+01 1.8587e+01 1.8323e+01 1.7437e+01 1.6017e+01 1.2867e+01
Time Step 41
1.2874e+01 1.5674e+01 1.7198e+01 1.8439e+01 1.8787e+01 1.8379e+01 1.8510e+01 1.7328e+01 1.5755e+01 1.3246e+01
1.5392e+01 1.8979e+01 2.1400e+01 2.2976e+01 2.2260e+01 2.2962e+01 2.1882e+01 2.1129e+01 1.9281e+01 1.5478e+01
1.6987e+01 2.0320e+01 2.3215e+01 2.4502e+01 2.5186e+01 2.5385e+01 2.4572e+01 2.4366e+01 2.0736e+01 1.6660e+01
1.8614e+01 2.2642e+01 2.5018e+01 2.7261e+01 2.7154e+01 2.6139e+01 2.5981e+01 2.5321e+01 2.1977e+01 1.8256e+01
1.8874e+01 2.3123e+01 2.6126e+01 2.7058e+01 2.7379e+01 2.7011e+01 2.6574e+01 2.5342e+01 2.3250e+01 1.9250e+01
1.8791e+01 2.3073e+01 2.5657e+01 2.6649e+01 2.7935e+01 2.7444e+01 2.6548e+01 2.5360e+01 2.2788e+01 1.9103e+01
1.8273e+01 2.2627e+01 2.4922e+01 2.6286e+01 2.7162e+01 2.6855e+01 2.6055e+01 2.6173e+01 2.2692e+01 1.8929e+01
1.7492e+01 2.0766e+01 2.3550e+01 2.5058e+01 2.6175e+01 2.5730e+01 2.4096e+01 2.3626e+01 2.0762e+01 1.7593e+01
1.6036e+01 1.9224e+01 2.2300e+01 2.3009e+01 2.2418e+01 2.3414e+01 2.1183e+01 2.0844e+01 1.9611e+01 1.5875e+01
1.3139e+01 1.5874e+01 1.6542e+01 1.8421e+01 1.9406e+01 1.8457e+01 1.8167e+01 1.7685e+01 1.5122e+01 1.3027e+01
Time Step 42
1.3258e+01 1.6007e+01 1.7471e+01 1.8287e+01 1.8483e+01 1.8587e+01 1.7163e+01 1.7096e+01 1.5201e+01 1.3054e+01
1.5730e+01 1.8956e+01 2.0988e+01 2.2066e+01 2.2897e+01 2.3201e+01 2.2220e+01 2.1084e+01 1.8732e+01 1.5698e+01
1.7382e+01 2.0992e+01 2.3988e+01 2.4450e+01 2.5799e+01 2.5217e+01 2.4541e+01 2.4357e+01 2.1487e+01 1.7486e+01
1.8652e+01 2.2335e+01 2.5648e+01 2.6197e+01 2.6257e+01 2.6587e+01 2.6274e+01 2.4392e+01 2.1270e+01 1.9003e+01
1.8434e+01 2.3318e+01 2.5355e+01 2.6028e+01 2.8377e+01 2.7756e+01 2.7485e+01 2.4744e+01 2.2890e+01 1.7949e+01
1.8107e+01 2.2724e+01 2.6068e+01 2.6949e+01 2.7250e+01 2.7809e+01 2.7069e+01 2.5052e+01 2.3204e+01 1.9217e+01
1.8445e+01 2.1961e+01 2.5141e+01 2.6855e+01 2.6670e+01 2.6884e+01 2.6833e+01 2.5383e+01 2.2549e+01 1.8335e+01
1.8240e+01 2.1009e+01 2.4385e+01 2.4774e+01 2.5230e+01 2.5192e+01 2.5055e+01 2.3854e+01 2.1175e+01 1.7459e+01
1.5463e+01 1.9182e+01 2.0890e+01 2.2226e+01 2.2979e+01 2.3249e+01 2.1585e+01 2.1364e+01 1.9777e+01 1.6435e+01
1.3372e+01 1.6207e+01 1.7599e+01 1.7984e+01 1.8194e+01 1.9364e+01 1.8984e+01 1.6866e+01 1.5494e+01 1.3705e+01
Time Step 43
1.3504e+01 1.5600e+01 1.7060e+01 1.9064e+01 1.8331e+01 1.8773e+01 1.8105e+01 1.7560e+01 1.5385e+01 1.2873e+01
1.5595e+01 1.9372e+01 2.1337e+01 2.2432e+01 2.2607e+01 2.2877e+01 2.3243e+01 2.1779e+01 1.9591e+01 1.5472e+01
1.7165e+01 2.0940e+01 2.3381e+01 2.6203e+01 2.4963e+01 2.5327e+01 2.4677e+01 2.4043e+01 2.0712e+01 1.7186e+01
1.8364e+01 2.3394e+01 2.5106e+01 2.5653e+01 2.6656e+01 2.7970e+01 2.6103e+01 2.4293e+01 2.2149e+01 1.8687e+01
1.8319e+01 2.3424e+01 2.5556e+01 2.5908e+01 2.7244e+01 2.7317e+01 2.7367e+01 2.5505e+01 2.2608e+01 1.8581e+01
1.8767e+01 2.2823e+01 2.5161e+01 2.6813e+01 2.7441e+01 2.7450e+01 2.7229e+01 2.4975e+01 2.2770e+01 1.9177e+01
1.8648e+01 2.2125e+01 2.4901e+01 2.5842e+01 2.6598e+01 2.6752e+01 2.6230e+01 2.4756e+01 2.1838e+01 1.8240e+01
1.6651e+01 2.1396e+01 2.3521e+01 2.5101e+01 2.6032e+01 2.5031e+01 2.5400e+01 2.3348e+01 2.1397e+01 1.7207e+01
1.5820e+01 1.9830e+01 2.1675e+01 2.2626e+01 2.2236e+01 2.1983e+01 2.1652e+01 2.1955e+01 1.8835e+01 1.5642e+01
1.2275e+01 1.6344e+01 1.7131e+01 1.8570e+01 1.9249e+01 1.8749e+01 1.8198e+01 1.7077e+01 1.5796e+01 1.3021e+01
Time Step 44
1.3340e+01 1.5883e+01 1.7299e+01 1.8637e+01 1.8164e+01 1.8670e+01 1.8079e+01 1.7062e+01 1.6198e+01 1.2750e+01
1.5954e+01 1.8381e+01 2.1214e+01 2.2752e+01 2.2450e+01 2.2870e+01 2.3200e+01 2.0977e+01 1.8796e+01 1.5462e+01
1.6952e+01 2.1005e+01 2.3504e+01 2.4457e+01 2.4637e+01 2.4601e+01 2.5262e+01 2.3261e+01 2.1561e+01 1.7172e+01
1.8189e+01 2.2232e+01 2.4511e+01 2.5797e+01 2.6730e+01 2.7076e+01 2.6947e+01 2.4663e+01 2.2515e+01 1.7951e+01
1.8481e+01 2.3107e+01 2.5667e+01 2.7023e+01 2.7587e+01 2.6525e+01 2.7014e+01 2.5457e+01 2.2580e+01 1.8368e+01
1.8763e+01 2.3155e+01 2.5426e+01 2.6887e+01 2.7492e+01 2.7224e+01 2.6926e+01 2.4905e+01 2.2663e+01 1.8849e+01
1.8705e+01 2.2529e+01 2.4576e+01 2.5960e+01 2.6821e+01 2.7085e+01 2.6782e+01 2.5150e+01 2.2497e+01 1.8291e+01
1.6923e+01 2.1847e+01 2.3086e+01 2.5127e+01 2.4885e+01 2.5889e+01 2.4964e+01 2.3195e+01 2.0986e+01 1.7915e+01
1.5743e+01 1.8831e+01 2.0745e+01 2.2206e+01 2.3474e+01 2.2752e+01 2.2304e+01 2.1338e+01 1.9260e+01 1.5925e+01
1.2826e+01 1.5918e+01 1.7007e+01 1.8843e+01 1.8981e+01 1.8037e+01 1.8336e+01 1.7369e+01 1.5309e+01 1.3294e+01
Time Step 45
1.3267e+01 1.6198e+01 1.7488e+01 1.8816e+01 1.8503e+01 1.8703e+01 1.8253e+01 1.6587e+01 1.5682e+01 1.3799e+01
1.6114e+01 1.9803e+01 2.1045e+01 2.2552e+01 2.2472e+01 2.2703e+01 2.2128e+01 2.1609e+01 1.9883e+01 1.4967e+01
1.8235e+01 2.1774e+01 2.2910e+01 2.4947e+01 2.5381e+01 2.5160e+01 2.5061e+01 2.3487e+01 2.0505e+01 1.6989e+01
1.8396e+01 2.2139e+01 2.5545e+01 2.6517e+01 2.7596e+01 2.6197e+01 2.6037e+01 2.4886e+01 2.2445e+01 1.8081e+01
1.8508e+01 2.3230e+01 2.4957e+01 2.6172e+01 2.7451e+01 2.7495e+01 2.6836e+01 2.5291e+01 2.2772e+01 1.8458e+01
1.9211e+01 2.3458e+01 2.6367e+01 2.7178e+01 2.7121e+01 2.7350e+01 2.6492e+01 2.5621e+01 2.3821e+01 1.8682e+01
1.7583e+01 2.1833e+01 2.4960e+01 2.5163e+01 2.6909e+01 2.6444e+01 2.6172e+01 2.5000e+01 2.2969e+01 1.8511e+01
1.7283e+01 2.0928e+01 2.3243e+01 2.4329e+01 2.5972e+01 2.5454e+01 2.4820e+01 2.3807e+01 2.1259e+01 1.7514e+01
1.5787e+01 1.9081e+01 2.1826e+01 2.1788e+01 2.3750e+01 2.2116e+01 2.2151e+01 2.0996e+01 1.9643e+01 1.5127e+01
1.2603e+01 1.5994e+01 1.6697e+01 1.9073e+01 1.8768e+01 1.9470e+01 1.8665e+01 1.6902e+01 1.6163e+01 1.2859e+01
Time Step 46
1.3176e+01 1.5627e+01 1.7441e+01 1.7859e+01 1.8757e+01 1.9076e+01 1.7819e+01 1.7257e+01 1.6270e+01 1.2801e+01
1.5250e+01 1.8623e+01 2.0836e+01 2.2213e+01 2.3193e+01 2.2035e+01 2.2456e+01 2.1701e+01 1.9684e+01 1.5893e+01
1.8017e+01 2.1663e+01 2.3833e+01 2.4392e+01 2.5764e+01 2.6274e+01 2.4950e+01 2.4006e+01 2.0403e+01 1.6277e+01
1.7498e+01 2.2501e+01 2.4194e+01 2.6533e+01 2.6427e+01 2.7567e+01 2.6361e+01 2.5293e+01 2.2434e+01 1.8219e+01
1.8269e+01 2.2958e+01 2.6082e+01 2.7227e+01 2.7966e+01 2.7676e+01 2.7597e+01 2.4951e+01 2.3083e+01 1.8730e+01
1.8303e+01 2.3540e+01 2.5580e+01 2.7128e+01 2.7765e+01 2.8231e+01 2.7269e+01 2.5832e+01 2.2822e+01 1.8629e+01
1.8422e+01 2.2940e+01 2.4014e+01 2.6276e+01 2.7383e+01 2.7692e+01 2.6210e+01 2.4703e+01 2.2190e+01 1.7500e+01
1.7235e+01 2.0905e+01 2.4285e+01 2.5294e+01 2.5208e+01 2.5620e+01 2.4854e+01 2.3168e+01 2.1448e+01 1.7341e+01
1.5947e+01 1.8937e+01 2.0846e+01 2.2099e+01 2.2574e+01 2.2984e+01 2.2464e+01 2.1349e+01 1.9000e+01 1.5921e+01
1.2511e+01 1.5693e+01 1.7525e+01 1.7954e+01 1.8560e+01 1.8717e+01 1.8771e+01 1.7170e+01 1.5766e+01 1.2797e+01
Time Step 47
1.2913e+01 1.5936e+01 1.6465e+01 1.8842e+01 1.9129e+01 1.8858e+01 1.9108e+01 1.6894e+01 1.6139e+01 1.2893e+01
1.5632e+01 1.9356e+01 2.1596e+01 2.2391e+01 2.2307e+01 2.2901e+01 2.2311e+01 2.1364e+01 1.9190e+01 1.5945e+01
1.7739e+01 2.1291e+01 2.2936e+01 2.4553e+01 2.5787e+01 2.5783e+01 2.4950e+01 2.3564e+01 2.1635e+01 1.7121e+01
1.8415e+01 2.2552e+01 2.5825e+01 2.5831e+01 2.7282e+01 2.7149e+01 2.6374e+01 2.4938e+01 2.2356e+01 1.8058e+01
1.8998e+01 2.2638e+01 2.5695e+01 2.6391e+01 2.7403e+01 2.7479e+01 2.7367e+01 2.5428e+01 2.2805e+01 1.8823e+01
1.8831e+01 2.3011e+01 2.5561e+01 2.7221e+01 2.7988e+01 2.7878e+01 2.6077e+01 2.4987e+01 2.2677e+01 1.8543e+01
1.8057e+01 2.1653e+01 2.4754e+01 2.6283e+01 2.6321e+01 2.6880e+01 2.5832e+01 2.4812e+01 2.2442e+01 1.8686e+01
1.7032e+01 2.1305e+01 2.4590e+01 2.5067e+01 2.5420e+01 2.5221e+01 2.5313e+01 2.3104e+01 2.1434e+01 1.6507e+01
1.6107e+01 1.9872e+01 2.1181e+01 2.2292e+01 2.2819e+01 2.3581e+01 2.2844e+01 2.1756e+01 1.9419e+01 1.5164e+01
1.3400e+01 1.5637e+01 1.6783e+01 1.8232e+01 1.8807e+01 1.8008e+01 1.7600e+01 1.7425e+01 1.6138e+01 1.3126e+01
Time Step 48
1.3540e+01 1.5743e+01 1.7156e+01 1.7989e+01 1.8946e+01 1.8996e+01 1.8917e+01 1.6628e+01 1.5892e+01 1.2889e+01
1.6075e+01 2.0042e+01 2.1126e+01 2.2602e+01 2.2950e+01 2.2266e+01 2.2201e+01 2.1275e+01 1.9537e+01 1.5422e+01
1.7728e+01 2.1130e+01 2.3619e+01 2.4812e+01 2.4884e+01 2.4941e+01 2.4862e+01 2.3111e+01 2.1903e+01 1.7808e+01
1.8473e+01 2.2549e+01 2.4510e+01 2.7012e+01 2.6964e+01 2.7280e+01 2.6229e+01 2.4950e+01 2.2719e+01 1.7835e+01
1.8598e+01 2.3119e+01 2.5612e+01 2.7776e+01 2.8413e+01 2.7619e+01 2.7869e+01 2.5593e+01 2.3166e+01 1.8309e+01
1.8571e+01 2.2505e+01 2.5860e+01 2.7466e+01 2.7600e+01 2.7216e+01 2.6794e+01 2.5680e+01 2.2895e+01 1.8789e+01
1.8595e+01 2.2296e+01 2.4330e+01 2.6401e+01 2.6233e+01 2.7570e+01 2.5787e+01 2.4749e+01 2.2871e+01 1.8473e+01
1.7257e+01 2.1369e+01 2.3636e+01 2.4944e+01 2.5291e+01 2.5523e+01 2.3945e+01 2.3629e+01 2.0937e+01 1.7712e+01
1.5802e+01 1.9170e+01 2.1176e+01 2.2400e+01 2.2461e+01 2.2690e+01 2.2059e+01 2.1805e+01 1.8932e+01 1.6053e+01
1.3430e+01 1.5497e+01 1.7747e+01 1.8142e+01 1.9137e+01 1.8912e+01 1.8115e+01 1.7224e+01 1.5671e+01 1.2993e+01
Time Step 49
1.2815e+01 1.5871e+01 1.7139e+01 1.8741e+01 1.7888e+01 1.8592e+01 1.7563e+01 1.6697e+01 1.6203e+01 1.3072e+01
1.6047e+01 1.9701e+01 2.0344e+01 2.3093e+01 2.2044e+01 2.2864e+01 2.2566e+01 2.1165e+01 1.8820e+01 1.6205e+01
1.7006e+01 2.0899e+01 2.4936e+01 2.4814e+01 2.4785e+01 2.5418e+01 2.5156e+01 2.3990e+01 2.1336e+01 1.7187e+01
1.7869e+01 2.2179e+01 2.4723e+01 2.7136e+01 2.7299e+01 2.6962e+01 2.6553e+01 2.4367e+01 2.1785e+01 1.7650e+01
1.9337e+01 2.3145e+01 2.5395e+01 2.6794e+01 2.7447e+01 2.7176e+01 2.6258e+01 2.6056e+01 2.4146e+01 1.9006e+01
1.8631e+01 2.3620e+01 2.5816e+01 2.6869e+01 2.6469e+01 2.7246e+01 2.6360e+01 2.5893e+01 2.2881e+01 1.8623e+01
1.8216e+01 2.3145e+01 2.5671e+01 2.6516e+01 2.6827e+01 2.7302e+01 2.6168e+01 2.4396e+01 2.2559e+01 1.7861e+01
1.7578e+01 2.1195e+01 2.4423e+01 2.4418e+01 2.4601e+01 2.4569e+01 2.4424e+01 2.3982e+01 2.1072e+01 1.7310e+01
1.6023e+01 1.9221e+01 2.1295e+01 2.1879e+01 2.2938e+01 2.2333e+01 2.1137e+01 2.1391e+01 1.9229e+01 1.6393e+01
1.3421e+01 1.5822e+01 1.6940e+01 1.8516e+01 1.8233e+01 1.8030e+01 1.8277e+01 1.8079e+01 1.5180e+01 1.2548e+01
Time Step 50
1.3309e+01 1.5507e+01 1.7706e+01 1.8110e+01 1.9215e+01 1.8143e+01 1.8273e+01 1.7972e+01 1.5194e+01 1.2871e+01
1.5849e+01 1.9496e+01 2.0932e+01 2.3075e+01 2.2759e+01 2.3310e+01 2.2123e+01 2.0812e+01 1.9191e+01 1.5462e+01
1.6902e+01 2.1929e+01 2.3335e+01 2.5152e+01 2.5318e+01 2.5185e+01 2.5264e+01 2.4216e+01 2.1118e+01 1.7449e+01
1.8434e+01 2.1809e+01 2.4952e+01 2.7081e+01 2.6818e+01 2.5952e+01 2.6320e+01 2.5834e+01 2.2356e+01 1.7692e+01
1.8993e+01 2.3551e+01 2.4943e+01 2.6902e+01 2.7361e+01 2.7778e+01 2.7065e+01 2.5924e+01 2.2741e+01 1.8630e+01
1.9716e+01 2.3414e+01 2.5482e+01 2.7391e+01 2.8999e+01 2.6570e+01 2.6850e+01 2.5205e+01 2.2647e+01 1.9160e+01
1.8533e+01 2.2293e+01 2.4921e+01 2.5841e+01 2.7968e+01 2.7030e+01 2.6556e+01 2.4425e+01 2.2775e+01 1.8104e+01
1.8152e+01 2.0885e+01 2.2841e+01 2.5368e+01 2.5947e+01 2.5205e+01 2.4504e+01 2.4204e+01 2.1472e+01 1.7991e+01
1.5478e+01 1.9781e+01 2.0853e+01 2.2498e+01 2.2099e+01 2.2708e+01 2.2121e+01 2.1780e+01 1.9501e+01 1.5815e+01
1.2566e+01 1.5460e+01 1.6859e+01 1.7947e+01 1.8427e+01 1.8918e+01 1.8248e+01 1.7375e+01 1.5770e+01 1.2594e+01
