Time Step 1
1.8470e+01 2.2332e+01 2.4490e+01 2.5680e+01 2.5882e+01 2.6236e+01 2.5727e+01 2.4314e+01 2.2503e+01 1.8632e+01
2.2463e+01 2.7680e+01 2.9462e+01 3.2601e+01 3.2452e+01 3.3363e+01 3.2981e+01 3.0675e+01 2.7956e+01 2.2949e+01
2.4531e+01 3.0681e+01 3.4348e+01 3.6974e+01 3.8356e+01 3.7738e+01 3.7025e+01 3.4411e+01 2.9558e+01 2.4367e+01
2.6230e+01 3.1531e+01 3.6930e+01 3.9720e+01 4.0789e+01 4.0851e+01 3.9018e+01 3.7091e+01 3.1651e+01 2.4530e+01
2.6451e+01 3.3034e+01 3.7181e+01 4.1736e+01 4.2063e+01 4.2052e+01 4.0034e+01 3.7984e+01 3.3611e+01 2.6450e+01
2.6814e+01 3.3321e+01 3.7822e+01 4.1492e+01 4.1818e+01 4.1669e+01 3.9954e+01 3.8061e+01 3.4820e+01 2.6709e+01
2.6059e+01 3.2344e+01 3.7257e+01 3.9734e+01 4.0622e+01 3.9777e+01 3.8078e+01 3.6637e+01 3.2734e+01 2.5738e+01
2.4447e+01 3.0966e+01 3.4383e+01 3.6882e+01 3.8273e+01 3.7216e+01 3.5788e+01 3.3566e+01 3.1190e+01 2.4573e+01
2.2914e+01 2.8152e+01 3.0768e+01 3.3627e+01 3.2857e+01 3.3287e+01 3.3014e+01 3.1083e+01 2.8302e+01 2.2874e+01
1.8744e+01 2.3101e+01 2.4601e+01 2.5895e+01 2.7032e+01 2.6799e+01 2.6209e+01 2.5097e+01 2.3272e+01 1.9051e+01
Time Step 2
3.1179e+01 3.6012e+01 3.9873e+01 4.2259e+01 4.3487e+01 4.4321e+01 4.3110e+01 4.0683e+01 3.6925e+01 3.0874e+01
3.6350e+01 4.3350e+01 4.9507e+01 5.3473e+01 5.4456e+01 5.3686e+01 5.2279e+01 4.9834e+01 4.4925e+01 3.7241e+01
4.0496e+01 4.9711e+01 5.4470e+01 5.8355e+01 6.0973e+01 5.9917e+01 5.9814e+01 5.5156e+01 4.8406e+01 3.9976e+01
4.2783e+01 5.1752e+01 5.8776e+01 6.4431e+01 6.6202e+01 6.6440e+01 6.5111e+01 5.9958e+01 5.3309e+01 4.1829e+01
4.3827e+01 5.4296e+01 6.2057e+01 6.6430e+01 6.8519e+01 6.8693e+01 6.5857e+01 6.1187e+01 5.4701e+01 4.2900e+01
4.4235e+01 5.3677e+01 6.1440e+01 6.5650e+01 6.8836e+01 6.8399e+01 6.6906e+01 6.1132e+01 5.3525e+01 4.3687e+01
4.3442e+01 5.2486e+01 6.0101e+01 6.3840e+01 6.6299e+01 6.5166e+01 6.4230e+01 5.9099e+01 5.1839e+01 4.3169e+01
4.0529e+01 4.8664e+01 5.4758e+01 5.8272e+01 6.0511e+01 6.1365e+01 5.9485e+01 5.5024e+01 4.7093e+01 4.0503e+01
3.7005e+01 4.3159e+01 4.7859e+01 5.2478e+01 5.5494e+01 5.5215e+01 5.3121e+01 4.7487e+01 4.4178e+01 3.5765e+01
3.1485e+01 3.7131e+01 4.0933e+01 4.4173e+01 4.6268e+01 4.5525e+01 4.3835e+01 4.0487e+01 3.7516e+01 3.0873e+01
Time Step 3
3.7925e+01 4.3447e+01 4.7490e+01 5.0085e+01 5.0841e+01 5.0318e+01 5.0123e+01 4.9029e+01 4.5389e+01 3.7764e+01
4.3647e+01 5.0791e+01 5.7569e+01 5.9373e+01 6.1494e+01 6.0781e+01 5.8661e+01 5.7063e+01 5.1253e+01 4.4866e+01
4.7091e+01 5.5640e+01 6.1158e+01 6.5194e+01 6.7969e+01 6.7878e+01 6.6230e+01 6.2186e+01 5.5320e+01 4.8033e+01
4.9495e+01 5.8724e+01 6.5104e+01 6.9013e+01 7.2366e+01 7.1541e+01 6.9407e+01 6.5077e+01 5.9035e+01 4.9714e+01
5.2156e+01 6.1219e+01 6.7727e+01 7.2216e+01 7.5456e+01 7.4097e+01 7.2605e+01 6.7720e+01 6.1770e+01 5.0966e+01
5.1705e+01 6.1336e+01 6.6495e+01 7.2626e+01 7.3947e+01 7.5254e+01 7.3133e+01 6.7548e+01 6.0627e+01 5.1486e+01
5.0535e+01 6.0052e+01 6.4819e+01 6.9559e+01 7.2726e+01 7.2259e+01 7.1107e+01 6.5247e+01 5.8560e+01 4.8742e+01
4.7640e+01 5.6043e+01 6.0572e+01 6.5296e+01 6.8257e+01 6.8195e+01 6.4743e+01 6.2234e+01 5.7186e+01 4.7010e+01
4.3575e+01 5.1185e+01 5.5750e+01 5.9270e+01 6.1328e+01 6.2088e+01 5.9075e+01 5.6588e+01 5.1959e+01 4.2753e+01
3.8129e+01 4.3806e+01 4.6976e+01 4.8576e+01 4.9969e+01 5.1298e+01 4.9656e+01 4.7530e+01 4.5152e+01 3.7035e+01
Time Step 4
3.9556e+01 4.5557e+01 5.0039e+01 5.1950e+01 5.2954e+01 5.3175e+01 5.2590e+01 4.9513e+01 4.5710e+01 3.9980e+01
4.5983e+01 5.3350e+01 5.8668e+01 6.1527e+01 6.3729e+01 6.3759e+01 6.1749e+01 5.8718e+01 5.3180e+01 4.6177e+01
5.0053e+01 5.8155e+01 6.4337e+01 6.8928e+01 7.1540e+01 7.0103e+01 6.7648e+01 6.4557e+01 5.9959e+01 5.0836e+01
5.2910e+01 6.1229e+01 6.7858e+01 7.2295e+01 7.4038e+01 7.4165e+01 7.0749e+01 6.8229e+01 6.3213e+01 5.2213e+01
5.3042e+01 6.3341e+01 6.9520e+01 7.4952e+01 7.7587e+01 7.7612e+01 7.4143e+01 7.0110e+01 6.3310e+01 5.4076e+01
5.3738e+01 6.3226e+01 6.9550e+01 7.3631e+01 7.5975e+01 7.6792e+01 7.3367e+01 7.1101e+01 6.3182e+01 5.2695e+01
5.3152e+01 6.1290e+01 6.8748e+01 7.2036e+01 7.4584e+01 7.3408e+01 7.2161e+01 6.8357e+01 6.1719e+01 5.2585e+01
4.9181e+01 5.8312e+01 6.4753e+01 6.7683e+01 6.9141e+01 7.1178e+01 6.7277e+01 6.4944e+01 5.9637e+01 5.1406e+01
4.7382e+01 5.3360e+01 5.8922e+01 6.1303e+01 6.2965e+01 6.2241e+01 6.1842e+01 5.8934e+01 5.2760e+01 4.6544e+01
3.9212e+01 4.6373e+01 5.0449e+01 5.1374e+01 5.4805e+01 5.3313e+01 5.1925e+01 4.9925e+01 4.6357e+01 3.9045e+01
Time Step 5
4.0801e+01 4.6116e+01 5.0845e+01 5.3391e+01 5.4437e+01 5.3769e+01 5.4276e+01 5.1649e+01 4.5742e+01 3.9564e+01
4.7812e+01 5.3999e+01 5.9439e+01 6.2576e+01 6.4855e+01 6.4055e+01 6.2425e+01 6.0209e+01 5.5305e+01 4.7006e+01
5.1884e+01 6.0511e+01 6.4336e+01 6.9269e+01 7.1058e+01 7.2248e+01 6.9356e+01 6.5577e+01 6.0244e+01 5.0761e+01
5.2939e+01 6.1157e+01 6.8106e+01 7.3270e+01 7.5111e+01 7.6039e+01 7.4258e+01 6.9209e+01 6.2909e+01 5.3722e+01
5.3889e+01 6.4676e+01 7.0990e+01 7.3596e+01 7.6922e+01 7.6515e+01 7.6401e+01 7.1594e+01 6.3541e+01 5.4825e+01
5.3657e+01 6.2938e+01 7.1405e+01 7.4414e+01 7.7873e+01 7.7145e+01 7.4748e+01 7.1784e+01 6.4143e+01 5.3904e+01
5.3000e+01 6.1584e+01 6.9237e+01 7.2594e+01 7.5391e+01 7.5381e+01 7.2982e+01 6.8622e+01 6.1006e+01 5.2323e+01
5.0077e+01 5.9059e+01 6.5223e+01 6.8824e+01 7.0977e+01 7.2309e+01 7.0067e+01 6.4849e+01 5.9983e+01 5.1000e+01
4.7615e+01 5.4963e+01 5.8622e+01 6.0956e+01 6.4957e+01 6.4796e+01 6.3432e+01 6.0303e+01 5.5822e+01 4.6497e+01
4.0053e+01 4.8317e+01 5.0912e+01 5.2311e+01 5.3332e+01 5.3629e+01 5.4054e+01 5.0892e+01 4.6465e+01 4.0501e+01
Time Step 6
4.1038e+01 4.6707e+01 5.1885e+01 5.3428e+01 5.4204e+01 5.4393e+01 5.2317e+01 5.1589e+01 4.7536e+01 4.0540e+01
4.7080e+01 5.4620e+01 6.0108e+01 6.2103e+01 6.4086e+01 6.4698e+01 6.2939e+01 6.0658e+01 5.5880e+01 4.7250e+01
5.0823e+01 5.9708e+01 6.6254e+01 6.8517e+01 7.1208e+01 7.0978e+01 6.8921e+01 6.4874e+01 5.9441e+01 5.1725e+01
5.3567e+01 6.2780e+01 6.8961e+01 7.3738e+01 7.6493e+01 7.4948e+01 7.3011e+01 6.8202e+01 6.4092e+01 5.2613e+01
5.3479e+01 6.4678e+01 7.1306e+01 7.7008e+01 7.8380e+01 7.7907e+01 7.6121e+01 7.1192e+01 6.5341e+01 5.5027e+01
5.2680e+01 6.4374e+01 7.1123e+01 7.6049e+01 7.8151e+01 7.7594e+01 7.5268e+01 7.0983e+01 6.4395e+01 5.3844e+01
5.3441e+01 6.2344e+01 6.8871e+01 7.2427e+01 7.5460e+01 7.4263e+01 7.2603e+01 6.9176e+01 6.3159e+01 5.2762e+01
4.9886e+01 6.0457e+01 6.6212e+01 6.9221e+01 7.0435e+01 7.1726e+01 6.9659e+01 6.6415e+01 6.0530e+01 5.1811e+01
4.6287e+01 5.5298e+01 5.9645e+01 6.3028e+01 6.3534e+01 6.5456e+01 6.3940e+01 5.9509e+01 5.5577e+01 4.7917e+01
4.0416e+01 4.6059e+01 5.1802e+01 5.2768e+01 5.4968e+01 5.5313e+01 5.3678e+01 5.0992e+01 4.7929e+01 4.1415e+01
Time Step 7
4.0841e+01 4.6689e+01 5.0594e+01 5.3674e+01 5.4592e+01 5.5267e+01 5.2889e+01 5.1813e+01 4.6426e+01 4.0326e+01
4.6864e+01 5.3612e+01 5.8919e+01 6.1822e+01 6.3505e+01 6.5144e+01 6.2747e+01 6.0626e+01 5.4074e+01 4.7707e+01
5.1016e+01 5.9604e+01 6.5376e+01 7.0078e+01 7.1568e+01 7.1391e+01 6.8971e+01 6.6073e+01 6.0947e+01 5.2191e+01
5.3004e+01 6.2883e+01 7.0698e+01 7.4563e+01 7.7628e+01 7.6686e+01 7.4413e+01 6.9834e+01 6.3098e+01 5.3485e+01
5.4857e+01 6.3485e+01 7.1177e+01 7.5961e+01 7.8419e+01 7.7547e+01 7.5542e+01 7.1747e+01 6.4868e+01 5.4229e+01
5.5356e+01 6.4677e+01 7.0529e+01 7.7390e+01 7.8844e+01 7.7229e+01 7.5927e+01 7.1374e+01 6.4609e+01 5.3542e+01
5.3243e+01 6.1731e+01 6.8215e+01 7.3003e+01 7.6378e+01 7.5681e+01 7.3637e+01 7.0284e+01 6.3159e+01 5.4099e+01
5.1049e+01 6.0304e+01 6.5820e+01 6.9742e+01 7.0654e+01 7.0462e+01 6.9521e+01 6.6437e+01 6.0274e+01 5.1452e+01
4.6682e+01 5.5527e+01 5.9672e+01 6.3598e+01 6.4995e+01 6.5008e+01 6.3456e+01 5.9289e+01 5.4992e+01 4.8250e+01
4.0192e+01 4.7866e+01 5.1380e+01 5.3427e+01 5.5423e+01 5.4969e+01 5.3671e+01 5.1101e+01 4.6244e+01 4.2084e+01
Time Step 8
4.0950e+01 4.7889e+01 5.1539e+01 5.2311e+01 5.3550e+01 5.5121e+01 5.3398e+01 5.1200e+01 4.7426e+01 4.1209e+01
4.6866e+01 5.4615e+01 5.9922e+01 6.3246e+01 6.5800e+01 6.5768e+01 6.4554e+01 6.1037e+01 5.4635e+01 4.8184e+01
5.1362e+01 5.9353e+01 6.6208e+01 6.7999e+01 7.1839e+01 7.3502e+01 7.0843e+01 6.6558e+01 6.1349e+01 5.1116e+01
5.5357e+01 6.2510e+01 7.0327e+01 7.4758e+01 7.7876e+01 7.5823e+01 7.5228e+01 7.0616e+01 6.3934e+01 5.3402e+01
5.5703e+01 6.4652e+01 7.1020e+01 7.6299e+01 7.8273e+01 7.9623e+01 7.7203e+01 7.2472e+01 6.4836e+01 5.3910e+01
5.5045e+01 6.3592e+01 7.2250e+01 7.6661e+01 7.8663e+01 7.9589e+01 7.6158e+01 7.1340e+01 6.4107e+01 5.4865e+01
5.3145e+01 6.3892e+01 6.9217e+01 7.3596e+01 7.6028e+01 7.5857e+01 7.4565e+01 7.0590e+01 6.2029e+01 5.2511e+01
5.1094e+01 6.0465e+01 6.7556e+01 7.0660e+01 7.0164e+01 7.2341e+01 6.9615e+01 6.5314e+01 5.9828e+01 5.1088e+01
4.7405e+01 5.5815e+01 6.0451e+01 6.2933e+01 6.4046e+01 6.4495e+01 6.1311e+01 5.9418e+01 5.4734e+01 4.7540e+01
4.1153e+01 4.7763e+01 5.1560e+01 5.3592e+01 5.4764e+01 5.5164e+01 5.4047e+01 5.1121e+01 4.7474e+01 4.0598e+01
Time Step 9
4.0576e+01 4.7560e+01 5.1662e+01 5.4094e+01 5.5092e+01 5.5948e+01 5.3509e+01 5.2280e+01 4.7070e+01 4.1649e+01
4.8074e+01 5.5563e+01 6.0158e+01 6.3274e+01 6.5450e+01 6.6049e+01 6.3487e+01 5.9839e+01 5.6328e+01 4.7783e+01
5.1169e+01 6.0087e+01 6.6297e+01 7.1397e+01 7.2776e+01 7.2484e+01 6.9323e+01 6.6305e+01 6.0422e+01 5.1983e+01
5.4088e+01 6.3037e+01 6.9177e+01 7.4035e+01 7.6696e+01 7.6360e+01 7.4331e+01 6.9011e+01 6.1232e+01 5.4421e+01
5.5072e+01 6.5081e+01 6.9764e+01 7.5417e+01 7.9029e+01 7.8581e+01 7.6582e+01 7.2918e+01 6.5483e+01 5.5954e+01
5.4771e+01 6.5637e+01 7.1205e+01 7.4497e+01 7.8486e+01 7.9290e+01 7.6523e+01 7.3179e+01 6.4171e+01 5.3893e+01
5.3018e+01 6.3696e+01 6.9664e+01 7.3246e+01 7.5223e+01 7.7006e+01 7.4016e+01 6.9018e+01 6.3408e+01 5.3292e+01
5.0795e+01 5.9726e+01 6.6814e+01 6.8786e+01 7.2610e+01 7.1897e+01 7.0987e+01 6.5454e+01 6.0133e+01 5.1064e+01
4.8108e+01 5.7052e+01 6.0495e+01 6.4015e+01 6.5809e+01 6.4686e+01 6.2792e+01 5.7676e+01 5.4670e+01 4.6883e+01
4.0769e+01 4.7730e+01 5.2706e+01 5.3607e+01 5.5753e+01 5.4754e+01 5.2811e+01 5.1738e+01 4.6679e+01 4.0422e+01
Time Step 10
4.1605e+01 4.7670e+01 5.1259e+01 5.5438e+01 5.4612e+01 5.5825e+01 5.3602e+01 5.1319e+01 4.8964e+01 4.1700e+01
4.7816e+01 5.6390e+01 6.0733e+01 6.4026e+01 6.2769e+01 6.6041e+01 6.3397e+01 6.1554e+01 5.6303e+01 4.7781e+01
5.0256e+01 6.1274e+01 6.7624e+01 6.9551e+01 7.1347e+01 7.2034e+01 7.0003e+01 6.7115e+01 6.1442e+01 5.2143e+01
5.3741e+01 6.4107e+01 6.9134e+01 7.4992e+01 7.5074e+01 7.5398e+01 7.3983e+01 6.9987e+01 6.2724e+01 5.3887e+01
5.5094e+01 6.5640e+01 7.1995e+01 7.6047e+01 7.8950e+01 7.8913e+01 7.6081e+01 7.2882e+01 6.3510e+01 5.3729e+01
5.5423e+01 6.4191e+01 7.2142e+01 7.6350e+01 7.9462e+01 7.9790e+01 7.6550e+01 7.2018e+01 6.5572e+01 5.4868e+01
5.4412e+01 6.3942e+01 6.9899e+01 7.3894e+01 7.6722e+01 7.6636e+01 7.4405e+01 7.0771e+01 6.4087e+01 5.3888e+01
5.2074e+01 6.0219e+01 6.5430e+01 6.9562e+01 7.2276e+01 7.2994e+01 7.0293e+01 6.5814e+01 6.0160e+01 5.1358e+01
4.8529e+01 5.5884e+01 6.0712e+01 6.2100e+01 6.5535e+01 6.4495e+01 6.2303e+01 6.1393e+01 5.5654e+01 4.7766e+01
4.1281e+01 4.7321e+01 5.0987e+01 5.4391e+01 5.4627e+01 5.4835e+01 5.3764e+01 5.2249e+01 4.8896e+01 4.0419e+01
Time Step 11
4.0883e+01 4.8043e+01 5.0584e+01 5.3892e+01 5.6418e+01 5.5330e+01 5.2984e+01 5.1049e+01 4.7272e+01 4.2006e+01
4.8018e+01 5.6704e+01 6.0709e+01 6.4456e+01 6.4569e+01 6.3925e+01 6.2233e+01 5.9501e+01 5.6359e+01 4.7280e+01
5.1758e+01 6.0838e+01 6.6539e+01 7.0701e+01 7.3134e+01 7.2472e+01 7.0035e+01 6.6451e+01 6.1591e+01 5.2705e+01
5.3372e+01 6.3054e+01 7.1154e+01 7.5433e+01 7.6448e+01 7.7458e+01 7.4447e+01 7.0606e+01 6.1138e+01 5.3770e+01
5.5061e+01 6.3839e+01 7.1074e+01 7.6223e+01 7.8768e+01 7.8810e+01 7.6304e+01 7.1912e+01 6.5949e+01 5.3845e+01
5.4195e+01 6.4382e+01 7.1154e+01 7.6863e+01 7.8817e+01 7.9541e+01 7.6327e+01 7.2335e+01 6.5984e+01 5.4928e+01
5.3886e+01 6.3157e+01 6.8660e+01 7.2073e+01 7.6848e+01 7.6968e+01 7.3955e+01 6.9032e+01 6.4064e+01 5.3043e+01
5.1845e+01 6.0794e+01 6.6606e+01 6.9460e+01 7.1783e+01 7.1650e+01 6.8392e+01 6.5677e+01 6.0348e+01 5.1580e+01
4.8776e+01 5.4577e+01 6.0182e+01 6.3166e+01 6.5735e+01 6.4345e+01 6.3347e+01 5.9620e+01 5.6090e+01 4.8959e+01
4.2094e+01 4.7225e+01 5.1613e+01 5.3362e+01 5.4211e+01 5.4047e+01 5.4023e+01 5.1716e+01 4.8790e+01 4.2751e+01
Time Step 12
4.1940e+01 4.8673e+01 5.1727e+01 5.4018e+01 5.4680e+01 5.4472e+01 5.4462e+01 5.2324e+01 4.7562e+01 4.0702e+01
4.9083e+01 5.6521e+01 6.0662e+01 6.4319e+01 6.5306e+01 6.5185e+01 6.4121e+01 6.0627e+01 5.6174e+01 4.8129e+01
5.1821e+01 6.0836e+01 6.6845e+01 7.0600e+01 7.2272e+01 7.2919e+01 6.9797e+01 6.6431e+01 6.0394e+01 5.1902e+01
5.2101e+01 6.3280e+01 7.0058e+01 7.3204e+01 7.6856e+01 7.6320e+01 7.4221e+01 7.0410e+01 6.2227e+01 5.3371e+01
5.4679e+01 6.5028e+01 7.1325e+01 7.5071e+01 7.8309e+01 7.8695e+01 7.6547e+01 7.2014e+01 6.5979e+01 5.5223e+01
5.4703e+01 6.6040e+01 7.3475e+01 7.7028e+01 7.9116e+01 7.8883e+01 7.6664e+01 7.2928e+01 6.5512e+01 5.4964e+01
5.3682e+01 6.4723e+01 7.0032e+01 7.3938e+01 7.5377e+01 7.4522e+01 7.3687e+01 6.9729e+01 6.3448e+01 5.2969e+01
5.1507e+01 6.1554e+01 6.6913e+01 7.0180e+01 7.2425e+01 7.2046e+01 6.9253e+01 6.6107e+01 6.1042e+01 5.0668e+01
4.7002e+01 5.5897e+01 6.0258e+01 6.4198e+01 6.4715e+01 6.4663e+01 6.1950e+01 5.8927e+01 5.5219e+01 4.7557e+01
4.0481e+01 4.7644e+01 5.1993e+01 5.4364e+01 5.4477e+01 5.3317e+01 5.2754e+01 5.1628e+01 4.8232e+01 4.0794e+01
Time Step 13
4.0988e+01 4.8395e+01 5.1539e+01 5.6219e+01 5.5715e+01 5.6233e+01 5.3117e+01 5.1904e+01 4.7499e+01 4.0567e+01
4.8747e+01 5.5627e+01 6.0351e+01 6.4249e+01 6.4355e+01 6.4752e+01 6.1938e+01 6.0580e+01 5.5961e+01 4.7093e+01
5.1433e+01 6.0997e+01 6.5721e+01 6.9593e+01 7.0411e+01 7.1731e+01 6.9635e+01 6.6427e+01 5.9839e+01 5.1457e+01
5.3903e+01 6.2934e+01 6.9674e+01 7.2281e+01 7.4871e+01 7.6207e+01 7.4524e+01 7.0982e+01 6.0894e+01 5.3862e+01
5.4466e+01 6.5134e+01 7.2077e+01 7.6361e+01 7.8441e+01 7.8772e+01 7.6614e+01 7.1372e+01 6.5585e+01 5.5347e+01
5.4899e+01 6.4638e+01 7.3221e+01 7.6772e+01 7.9586e+01 7.9799e+01 7.8069e+01 7.1751e+01 6.6310e+01 5.5697e+01
5.3538e+01 6.3852e+01 7.1137e+01 7.4794e+01 7.7255e+01 7.5570e+01 7.3150e+01 7.0174e+01 6.4950e+01 5.3687e+01
5.1675e+01 6.0231e+01 6.6520e+01 6.9383e+01 7.3226e+01 7.2566e+01 7.0390e+01 6.5850e+01 6.0018e+01 5.1741e+01
4.7713e+01 5.5613e+01 5.9558e+01 6.4019e+01 6.5586e+01 6.5583e+01 6.1861e+01 6.0171e+01 5.5561e+01 4.8071e+01
4.0751e+01 4.7464e+01 5.2001e+01 5.3501e+01 5.5181e+01 5.4921e+01 5.2519e+01 5.0675e+01 4.8436e+01 4.1046e+01
Time Step 14
4.1031e+01 4.8136e+01 5.1188e+01 5.4418e+01 5.4830e+01 5.5918e+01 5.4398e+01 5.1334e+01 4.8033e+01 4.1055e+01
4.6604e+01 5.5909e+01 6.0569e+01 6.2712e+01 6.5974e+01 6.4513e+01 6.1486e+01 6.0880e+01 5.5481e+01 4.7277e+01
5.0164e+01 5.9511e+01 6.5983e+01 6.8196e+01 7.1214e+01 7.1849e+01 6.9077e+01 6.7247e+01 6.0731e+01 5.1257e+01
5.2523e+01 6.2926e+01 6.9873e+01 7.4149e+01 7.5777e+01 7.7022e+01 7.5520e+01 7.1157e+01 6.5169e+01 5.3357e+01
5.3850e+01 6.2841e+01 7.1612e+01 7.6600e+01 7.9942e+01 7.9848e+01 7.6611e+01 7.1965e+01 6.4514e+01 5.5720e+01
5.4679e+01 6.4770e+01 7.2847e+01 7.6011e+01 7.8329e+01 7.9335e+01 7.6331e+01 7.2007e+01 6.4680e+01 5.5701e+01
5.4316e+01 6.2440e+01 7.0161e+01 7.4114e+01 7.6540e+01 7.6385e+01 7.4184e+01 6.9770e+01 6.3408e+01 5.4287e+01
5.1444e+01 6.0003e+01 6.5215e+01 6.9631e+01 7.1143e+01 7.1668e+01 6.8995e+01 6.5316e+01 6.0532e+01 5.1185e+01
4.8341e+01 5.5020e+01 6.0977e+01 6.3863e+01 6.5344e+01 6.5446e+01 6.3508e+01 6.1702e+01 5.5519e+01 4.7549e+01
4.1463e+01 4.7669e+01 5.1463e+01 5.3993e+01 5.4728e+01 5.5528e+01 5.3353e+01 5.2546e+01 4.8305e+01 4.1589e+01
Time Step 15
4.2034e+01 4.7887e+01 5.1889e+01 5.3683e+01 5.5086e+01 5.4753e+01 5.3553e+01 5.1472e+01 4.7785e+01 4.1450e+01
4.8389e+01 5.6649e+01 6.0500e+01 6.4206e+01 6.4877e+01 6.3388e+01 6.3055e+01 6.1172e+01 5.6374e+01 4.7671e+01
5.1824e+01 5.9384e+01 6.3595e+01 6.9911e+01 7.1155e+01 7.2053e+01 6.9116e+01 6.5392e+01 6.0670e+01 5.1322e+01
5.4431e+01 6.2372e+01 7.0474e+01 7.3486e+01 7.4965e+01 7.5314e+01 7.4269e+01 6.9247e+01 6.3413e+01 5.5070e+01
5.4680e+01 6.4739e+01 7.1882e+01 7.6150e+01 7.9549e+01 7.9256e+01 7.6452e+01 7.3006e+01 6.5983e+01 5.6173e+01
5.6309e+01 6.4550e+01 7.2429e+01 7.6365e+01 7.9000e+01 7.8714e+01 7.6678e+01 7.3208e+01 6.5393e+01 5.5583e+01
5.2688e+01 6.3590e+01 6.9780e+01 7.4650e+01 7.5298e+01 7.5739e+01 7.5318e+01 7.0499e+01 6.4604e+01 5.2558e+01
5.0824e+01 5.9897e+01 6.5401e+01 7.0594e+01 7.1490e+01 7.2218e+01 6.9889e+01 6.6066e+01 6.0643e+01 5.1350e+01
4.8139e+01 5.5099e+01 6.0766e+01 6.1612e+01 6.3946e+01 6.4247e+01 6.3721e+01 6.0699e+01 5.5985e+01 4.7452e+01
4.0897e+01 4.7615e+01 5.1002e+01 5.4284e+01 5.5500e+01 5.5934e+01 5.3659e+01 5.1601e+01 4.7137e+01 4.0729e+01
Time Step 16
4.0826e+01 4.8174e+01 5.1368e+01 5.3514e+01 5.4758e+01 5.5060e+01 5.3258e+01 5.1537e+01 4.7933e+01 4.0278e+01
4.7965e+01 5.4154e+01 6.1023e+01 6.3499e+01 6.3830e+01 6.5488e+01 6.3694e+01 6.0315e+01 5.5186e+01 4.7510e+01
5.2432e+01 6.0787e+01 6.6499e+01 6.8914e+01 7.1359e+01 7.1898e+01 6.9260e+01 6.6358e+01 6.0987e+01 5.0328e+01
5.3085e+01 6.3156e+01 7.0500e+01 7.3677e+01 7.6813e+01 7.6031e+01 7.3694e+01 7.0769e+01 6.3329e+01 5.4139e+01
5.5065e+01 6.5023e+01 7.2628e+01 7.6245e+01 7.8604e+01 7.9173e+01 7.6778e+01 7.2335e+01 6.5036e+01 5.4152e+01
5.4903e+01 6.4856e+01 7.2166e+01 7.6148e+01 7.7910e+01 7.8351e+01 7.5348e+01 7.1317e+01 6.5129e+01 5.5293e+01
5.2628e+01 6.2131e+01 6.9361e+01 7.4882e+01 7.6454e+01 7.5561e+01 7.3931e+01 6.9214e+01 6.2998e+01 5.4433e+01
5.1027e+01 5.9178e+01 6.6396e+01 6.9475e+01 7.2050e+01 7.0759e+01 6.9384e+01 6.6501e+01 6.1123e+01 5.1152e+01
4.6475e+01 5.5674e+01 6.0082e+01 6.4176e+01 6.5667e+01 6.3892e+01 6.3657e+01 6.0910e+01 5.6315e+01 4.7975e+01
4.0904e+01 4.8257e+01 5.1787e+01 5.4186e+01 5.4903e+01 5.4401e+01 5.2690e+01 5.0952e+01 4.8379e+01 4.0509e+01
Time Step 17
4.1461e+01 4.8178e+01 5.0936e+01 5.2261e+01 5.5730e+01 5.4171e+01 5.3704e+01 5.1416e+01 4.7936e+01 4.0945e+01
4.7986e+01 5.5566e+01 6.1030e+01 6.3561e+01 6.4693e+01 6.4726e+01 6.2062e+01 6.0531e+01 5.5399e+01 4.7788e+01
5.1563e+01 6.0858e+01 6.6921e+01 6.9586e+01 7.2228e+01 7.1028e+01 6.9958e+01 6.5202e+01 6.0225e+01 5.0293e+01
5.4042e+01 6.4800e+01 6.9708e+01 7.4240e+01 7.6292e+01 7.6355e+01 7.5680e+01 6.9534e+01 6.2644e+01 5.3825e+01
5.4481e+01 6.4726e+01 7.1209e+01 7.5661e+01 7.9200e+01 7.8740e+01 7.5844e+01 7.1650e+01 6.4978e+01 5.4454e+01
5.5002e+01 6.3663e+01 7.1082e+01 7.5175e+01 7.9163e+01 7.9111e+01 7.5167e+01 7.0940e+01 6.2456e+01 5.3387e+01
5.1951e+01 6.2343e+01 6.9804e+01 7.4624e+01 7.6011e+01 7.5908e+01 7.3630e+01 7.0046e+01 6.3065e+01 5.4220e+01
5.1067e+01 5.9109e+01 6.4130e+01 7.0325e+01 7.2981e+01 7.2728e+01 6.9237e+01 6.5496e+01 5.9794e+01 5.1803e+01
4.7265e+01 5.5227e+01 6.0950e+01 6.3413e+01 6.5571e+01 6.5559e+01 6.3288e+01 5.9087e+01 5.6403e+01 4.7943e+01
4.1145e+01 4.8001e+01 5.2011e+01 5.4150e+01 5.5032e+01 5.4340e+01 5.4046e+01 5.1312e+01 4.6692e+01 4.0553e+01
Time Step 18
4.0017e+01 4.7023e+01 4.9522e+01 5.4035e+01 5.5037e+01 5.5763e+01 5.3950e+01 5.1812e+01 4.8389e+01 4.0734e+01
4.8016e+01 5.5534e+01 5.9497e+01 6.1837e+01 6.3730e+01 6.4596e+01 6.4113e+01 6.0212e+01 5.5207e+01 4.7797e+01
5.1134e+01 5.9462e+01 6.7184e+01 7.0467e+01 7.2526e+01 7.2046e+01 7.0029e+01 6.4002e+01 5.9952e+01 5.2122e+01
5.3029e+01 6.4001e+01 7.1380e+01 7.4684e+01 7.6436e+01 7.5681e+01 7.3809e+01 7.0819e+01 6.4533e+01 5.3725e+01
5.4029e+01 6.4603e+01 7.2362e+01 7.5326e+01 7.8482e+01 7.8404e+01 7.5271e+01 7.1052e+01 6.5894e+01 5.5899e+01
5.4370e+01 6.5043e+01 7.2759e+01 7.5530e+01 7.8233e+01 7.8529e+01 7.6588e+01 7.2197e+01 6.5229e+01 5.5550e+01
5.2579e+01 6.4100e+01 7.1607e+01 7.5121e+01 7.5805e+01 7.6479e+01 7.3327e+01 7.0711e+01 6.2790e+01 5.3024e+01
5.1904e+01 6.0765e+01 6.6670e+01 6.8573e+01 7.1201e+01 7.2143e+01 7.0227e+01 6.6310e+01 6.0439e+01 5.1872e+01
4.8408e+01 5.5768e+01 5.9875e+01 6.3334e+01 6.5462e+01 6.4072e+01 6.2755e+01 6.0280e+01 5.5705e+01 4.7844e+01
4.1004e+01 4.8279e+01 5.0780e+01 5.3619e+01 5.4197e+01 5.3865e+01 5.3141e+01 5.0776e+01 4.7032e+01 4.0849e+01
Time Step 19
4.0568e+01 4.7690e+01 4.9692e+01 5.4380e+01 5.5467e+01 5.5804e+01 5.3374e+01 5.1921e+01 4.7792e+01 4.2450e+01
4.7419e+01 5.6472e+01 6.0758e+01 6.2933e+01 6.3543e+01 6.4873e+01 6.3812e+01 6.0591e+01 5.5165e+01 4.7559e+01
5.1354e+01 6.0122e+01 6.5709e+01 6.9864e+01 7.1248e+01 7.3123e+01 7.0159e+01 6.6815e+01 6.0121e+01 5.0407e+01
5.4163e+01 6.4468e+01 7.1090e+01 7.4339e+01 7.7501e+01 7.7244e+01 7.5278e+01 6.9876e+01 6.3768e+01 5.3877e+01
5.5169e+01 6.5075e+01 7.2187e+01 7.5053e+01 7.8972e+01 7.9306e+01 7.5968e+01 7.1161e+01 6.6394e+01 5.5646e+01
5.3836e+01 6.4154e+01 7.1424e+01 7.5220e+01 7.9585e+01 7.8244e+01 7.7502e+01 7.2553e+01 6.4857e+01 5.4488e+01
5.3378e+01 6.2884e+01 6.9954e+01 7.3018e+01 7.5006e+01 7.6048e+01 7.5064e+01 7.1638e+01 6.3673e+01 5.3733e+01
5.0610e+01 5.9467e+01 6.7032e+01 6.9879e+01 7.0939e+01 7.2415e+01 6.9425e+01 6.5362e+01 5.9518e+01 5.0506e+01
4.7021e+01 5.5067e+01 5.8900e+01 6.2235e+01 6.5007e+01 6.5670e+01 6.4032e+01 5.9138e+01 5.6553e+01 4.7497e+01
4.1174e+01 4.7964e+01 5.1045e+01 5.3944e+01 5.4511e+01 5.5661e+01 5.4092e+01 5.0719e+01 4.8694e+01 4.0512e+01
Time Step 20
4.1416e+01 4.8058e+01 5.2626e+01 5.4394e+01 5.5461e+01 5.5607e+01 5.3969e+01 5.1736e+01 4.8253e+01 4.1815e+01
4.7910e+01 5.4980e+01 5.9836e+01 6.3357e+01 6.6472e+01 6.6700e+01 6.5041e+01 6.0336e+01 5.5524e+01 4.6666e+01
5.2034e+01 6.0155e+01 6.6344e+01 7.0094e+01 7.1821e+01 7.1555e+01 6.9306e+01 6.6016e+01 6.1358e+01 5.1561e+01
5.4192e+01 6.2734e+01 6.7420e+01 7.3894e+01 7.6737e+01 7.5572e+01 7.3380e+01 7.0488e+01 6.5913e+01 5.4519e+01
5.6061e+01 6.5020e+01 7.1964e+01 7.5921e+01 7.7992e+01 7.8235e+01 7.5987e+01 7.3231e+01 6.5962e+01 5.5551e+01
5.4065e+01 6.4665e+01 7.1586e+01 7.6190e+01 7.7909e+01 7.8182e+01 7.6309e+01 7.1907e+01 6.5221e+01 5.6283e+01
5.4017e+01 6.5469e+01 7.0792e+01 7.5227e+01 7.4801e+01 7.4848e+01 7.4372e+01 7.0452e+01 6.3082e+01 5.3500e+01
5.1279e+01 6.0742e+01 6.6106e+01 7.0229e+01 7.2698e+01 7.2391e+01 6.9939e+01 6.5875e+01 5.9206e+01 5.0064e+01
4.7908e+01 5.5848e+01 5.9630e+01 6.3681e+01 6.5653e+01 6.5544e+01 6.3186e+01 6.0559e+01 5.4485e+01 4.7816e+01
4.0138e+01 4.7102e+01 5.0660e+01 5.3557e+01 5.5141e+01 5.6165e+01 5.5187e+01 5.1409e+01 4.6883e+01 4.1198e+01
Time Step 21
4.1969e+01 4.7392e+01 5.1456e+01 5.3475e+01 5.4642e+01 5.5597e+01 5.4533e+01 5.1053e+01 4.8021e+01 4.0799e+01
4.7339e+01 5.3738e+01 6.0555e+01 6.3976e+01 6.6226e+01 6.4768e+01 6.2966e+01 6.0527e+01 5.5214e+01 4.8054e+01
5.2398e+01 5.8789e+01 6.4806e+01 6.9414e+01 7.0817e+01 7.2438e+01 7.0294e+01 6.7877e+01 6.0788e+01 5.1568e+01
5.2891e+01 6.2573e+01 6.9292e+01 7.3856e+01 7.5385e+01 7.6752e+01 7.4591e+01 6.9331e+01 6.1999e+01 5.4613e+01
5.5707e+01 6.5268e+01 7.1745e+01 7.6612e+01 7.7541e+01 7.9612e+01 7.6868e+01 7.0611e+01 6.5115e+01 5.4868e+01
5.5171e+01 6.5607e+01 7.2223e+01 7.5921e+01 7.8338e+01 7.8426e+01 7.6789e+01 7.1215e+01 6.4793e+01 5.4567e+01
5.4532e+01 6.1888e+01 6.9897e+01 7.3712e+01 7.5112e+01 7.5788e+01 7.5388e+01 7.0350e+01 6.3617e+01 5.3188e+01
5.1503e+01 6.0318e+01 6.5538e+01 6.8681e+01 7.1556e+01 7.1802e+01 6.9593e+01 6.5551e+01 6.0997e+01 5.1143e+01
4.7765e+01 5.5189e+01 5.9619e+01 6.2000e+01 6.4219e+01 6.5817e+01 6.3829e+01 6.0053e+01 5.6082e+01 4.6577e+01
4.1648e+01 4.7651e+01 5.1349e+01 5.3852e+01 5.4368e+01 5.5385e+01 5.4438e+01 5.1283e+01 4.9064e+01 4.1488e+01
Time Step 22
4.0530e+01 4.7464e+01 5.0446e+01 5.3676e+01 5.5655e+01 5.5731e+01 5.4603e+01 5.1516e+01 4.6053e+01 4.1661e+01
4.7733e+01 5.4873e+01 6.0857e+01 6.3584e+01 6.3912e+01 6.5476e+01 6.2786e+01 5.9638e+01 5.5977e+01 4.7368e+01
5.0762e+01 6.0308e+01 6.5518e+01 6.9582e+01 7.2459e+01 7.1460e+01 6.9608e+01 6.6355e+01 6.0632e+01 5.2739e+01
5.4660e+01 6.2690e+01 6.9071e+01 7.4545e+01 7.5469e+01 7.6448e+01 7.4206e+01 6.9171e+01 6.2959e+01 5.4320e+01
5.5193e+01 6.5218e+01 7.0279e+01 7.5780e+01 8.0171e+01 7.9680e+01 7.5855e+01 7.1159e+01 6.5311e+01 5.5989e+01
5.4322e+01 6.5521e+01 7.1609e+01 7.6885e+01 7.9899e+01 7.8701e+01 7.6536e+01 7.2336e+01 6.4954e+01 5.5450e+01
5.2325e+01 6.2430e+01 6.8243e+01 7.5015e+01 7.6797e+01 7.5567e+01 7.4592e+01 7.0226e+01 6.3245e+01 5.3805e+01
5.0972e+01 5.9182e+01 6.6133e+01 7.1707e+01 7.1859e+01 7.1717e+01 6.8800e+01 6.5466e+01 5.8771e+01 5.1680e+01
4.7125e+01 5.5801e+01 6.0959e+01 6.4927e+01 6.4369e+01 6.5408e+01 6.3249e+01 5.9944e+01 5.6048e+01 4.7401e+01
4.1251e+01 4.7970e+01 5.1963e+01 5.4152e+01 5.6048e+01 5.5148e+01 5.4824e+01 5.1080e+01 4.7861e+01 4.1877e+01
Time Step 23
4.0775e+01 4.7451e+01 4.9928e+01 5.3331e+01 5.4244e+01 5.3653e+01 5.2620e+01 5.0659e+01 4.7592e+01 4.0240e+01
4.7313e+01 5.5780e+01 6.0971e+01 6.4005e+01 6.4984e+01 6.4205e+01 6.3083e+01 6.0244e+01 5.4178e+01 4.7439e+01
5.2349e+01 6.0366e+01 6.7233e+01 7.0509e+01 7.0632e+01 7.1802e+01 7.1141e+01 6.5747e+01 6.0338e+01 5.1210e+01
5.3606e+01 6.4311e+01 7.0323e+01 7.4852e+01 7.6025e+01 7.7451e+01 7.5137e+01 6.9377e+01 6.3042e+01 5.3821e+01
5.5159e+01 6.4866e+01 7.2340e+01 7.6246e+01 7.8397e+01 7.9383e+01 7.6207e+01 7.0341e+01 6.5374e+01 5.4465e+01
5.6214e+01 6.4448e+01 7.1078e+01 7.6116e+01 7.7997e+01 7.8962e+01 7.7065e+01 7.2686e+01 6.4588e+01 5.5849e+01
5.2914e+01 6.3051e+01 6.7911e+01 7.3716e+01 7.5957e+01 7.5876e+01 7.3354e+01 7.1184e+01 6.3301e+01 5.4655e+01
5.1299e+01 5.9182e+01 6.4454e+01 6.8864e+01 7.2898e+01 7.2415e+01 6.9901e+01 6.5170e+01 5.9692e+01 5.2194e+01
4.8275e+01 5.5083e+01 5.9860e+01 6.4637e+01 6.6530e+01 6.4398e+01 6.3963e+01 6.1019e+01 5.5510e+01 4.8087e+01
4.1783e+01 4.7939e+01 5.1177e+01 5.2660e+01 5.5812e+01 5.5811e+01 5.3089e+01 5.2243e+01 4.8144e+01 4.1676e+01
Time Step 24
4.1644e+01 4.7711e+01 5.0436e+01 5.2557e+01 5.3520e+01 5.5114e+01 5.3424e+01 5.1025e+01 4.7460e+01 4.0919e+01
4.7293e+01 5.4930e+01 6.0038e+01 6.3070e+01 6.3966e+01 6.4433e+01 6.2666e+01 6.0575e+01 5.5233e+01 4.8056e+01
5.0564e+01 5.8521e+01 6.8112e+01 6.9739e+01 7.2310e+01 7.1697e+01 7.0716e+01 6.6236e+01 6.1218e+01 5.0557e+01
5.3251e+01 6.2659e+01 7.0250e+01 7.3939e+01 7.6853e+01 7.6012e+01 7.3971e+01 7.0557e+01 6.3439e+01 5.4468e+01
5.2743e+01 6.4491e+01 7.0901e+01 7.7032e+01 7.9413e+01 7.8952e+01 7.6733e+01 7.3841e+01 6.4866e+01 5.4901e+01
5.4305e+01 6.5669e+01 7.0961e+01 7.5789e+01 8.0150e+01 7.9817e+01 7.7271e+01 7.1739e+01 6.4993e+01 5.4788e+01
5.2311e+01 6.3335e+01 6.9958e+01 7.3821e+01 7.5875e+01 7.6995e+01 7.4653e+01 6.9921e+01 6.2345e+01 5.4223e+01
5.1505e+01 5.9372e+01 6.5900e+01 6.9661e+01 7.2222e+01 7.2213e+01 7.1144e+01 6.5028e+01 5.9892e+01 5.1448e+01
4.7445e+01 5.5619e+01 5.9777e+01 6.4229e+01 6.5372e+01 6.5650e+01 6.3278e+01 5.9426e+01 5.5478e+01 4.8267e+01
4.2026e+01 4.7337e+01 5.0841e+01 5.2403e+01 5.5594e+01 5.5816e+01 5.5019e+01 5.1410e+01 4.6688e+01 4.1032e+01
Time Step 25
4.1014e+01 4.6433e+01 5.1248e+01 5.2763e+01 5.4138e+01 5.5208e+01 5.4225e+01 5.2226e+01 4.7405e+01 4.1461e+01
4.8104e+01 5.6085e+01 6.0764e+01 6.3858e+01 6.3726e+01 6.4744e+01 6.2588e+01 6.0262e+01 5.5707e+01 4.7421e+01
5.2079e+01 6.0568e+01 6.6885e+01 6.8919e+01 7.2691e+01 7.1665e+01 7.0803e+01 6.6162e+01 6.0308e+01 5.0946e+01
5.4340e+01 6.4051e+01 7.0480e+01 7.5303e+01 7.7832e+01 7.7169e+01 7.4260e+01 7.0868e+01 6.4178e+01 5.3364e+01
5.4809e+01 6.4150e+01 7.1583e+01 7.6058e+01 8.1008e+01 8.0038e+01 7.7440e+01 7.3161e+01 6.4890e+01 5.5880e+01
5.4002e+01 6.4439e+01 7.1982e+01 7.6349e+01 7.9735e+01 7.9080e+01 7.6639e+01 7.1521e+01 6.3947e+01 5.4106e+01
5.2987e+01 6.3059e+01 6.9781e+01 7.3162e+01 7.6564e+01 7.6778e+01 7.2930e+01 7.0033e+01 6.2707e+01 5.2607e+01
5.0518e+01 5.9790e+01 6.7791e+01 7.1597e+01 7.2262e+01 7.3322e+01 6.9513e+01 6.5973e+01 6.0102e+01 5.0202e+01
4.8480e+01 5.6021e+01 6.0651e+01 6.5404e+01 6.4848e+01 6.5066e+01 6.2422e+01 6.1254e+01 5.6485e+01 4.7415e+01
4.1255e+01 4.7491e+01 5.1823e+01 5.4012e+01 5.5115e+01 5.4623e+01 5.3487e+01 5.2408e+01 4.7769e+01 4.1691e+01
Time Step 26
4.1632e+01 4.6983e+01 5.1639e+01 5.3375e+01 5.5179e+01 5.5036e+01 5.3450e+01 5.1666e+01 4.8230e+01 4.2373e+01
4.8137e+01 5.6259e+01 6.0924e+01 6.3850e+01 6.4557e+01 6.5186e+01 6.3990e+01 6.2301e+01 5.6777e+01 4.8645e+01
5.1701e+01 5.9611e+01 6.6662e+01 6.8761e+01 7.1524e+01 7.3145e+01 7.1748e+01 6.6908e+01 6.1241e+01 5.1703e+01
5.4456e+01 6.4742e+01 7.0627e+01 7.4916e+01 7.6246e+01 7.6537e+01 7.5397e+01 7.0418e+01 6.3142e+01 5.6039e+01
5.5045e+01 6.4981e+01 7.1244e+01 7.5662e+01 7.9037e+01 7.9817e+01 7.6371e+01 7.1690e+01 6.4919e+01 5.5119e+01
5.5391e+01 6.3957e+01 7.1480e+01 7.5439e+01 7.6967e+01 7.8663e+01 7.6549e+01 7.1950e+01 6.5139e+01 5.4459e+01
5.3142e+01 6.1470e+01 6.9577e+01 7.3530e+01 7.5492e+01 7.6760e+01 7.3886e+01 7.1869e+01 6.3857e+01 5.4148e+01
5.1979e+01 5.9854e+01 6.6353e+01 7.0312e+01 7.2003e+01 7.1843e+01 6.9958e+01 6.6550e+01 5.9111e+01 5.1895e+01
4.7234e+01 5.6051e+01 6.1080e+01 6.4591e+01 6.6404e+01 6.4564e+01 6.2023e+01 5.9237e+01 5.4313e+01 4.6814e+01
4.0895e+01 4.7174e+01 5.1833e+01 5.4302e+01 5.4371e+01 5.4626e+01 5.2469e+01 5.1466e+01 4.8192e+01 4.2457e+01
Time Step 27
4.1167e+01 4.7767e+01 5.1500e+01 5.3023e+01 5.3986e+01 5.6726e+01 5.4000e+01 5.0963e+01 4.7535e+01 4.1458e+01
4.8483e+01 5.5180e+01 5.9252e+01 6.2457e+01 6.4737e+01 6.5046e+01 6.4627e+01 6.2102e+01 5.6056e+01 4.7946e+01
5.0343e+01 5.8972e+01 6.4803e+01 6.9449e+01 7.1201e+01 7.2255e+01 7.0786e+01 6.7352e+01 6.2269e+01 5.2037e+01
5.3361e+01 6.4075e+01 7.0077e+01 7.5201e+01 7.6696e+01 7.7419e+01 7.5814e+01 7.1238e+01 6.2950e+01 5.2857e+01
5.5935e+01 6.4626e+01 7.0763e+01 7.5630e+01 7.7904e+01 7.8461e+01 7.7658e+01 7.3024e+01 6.5050e+01 5.6607e+01
5.5009e+01 6.4840e+01 7.1977e+01 7.6713e+01 7.8677e+01 7.8995e+01 7.7255e+01 7.1834e+01 6.5653e+01 5.4422e+01
5.4158e+01 6.3191e+01 6.9703e+01 7.4770e+01 7.5650e+01 7.7224e+01 7.4463e+01 6.9363e+01 6.3597e+01 5.3730e+01
5.0509e+01 6.0424e+01 6.7211e+01 7.0130e+01 7.1208e+01 7.2203e+01 7.1191e+01 6.7259e+01 5.9553e+01 5.2238e+01
4.7778e+01 5.5872e+01 5.9166e+01 6.4067e+01 6.3893e+01 6.5466e+01 6.3053e+01 6.0092e+01 5.5788e+01 4.5578e+01
4.1312e+01 4.7832e+01 5.2289e+01 5.3787e+01 5.3132e+01 5.4210e+01 5.1928e+01 5.0895e+01 4.7694e+01 3.9909e+01
Time Step 28
4.1090e+01 4.5825e+01 5.2700e+01 5.3461e+01 5.5524e+01 5.5935e+01 5.4737e+01 5.2071e+01 4.7326e+01 4.2514e+01
4.7652e+01 5.3797e+01 6.0098e+01 6.3283e+01 6.3650e+01 6.4949e+01 6.2931e+01 6.0554e+01 5.5599e+01 4.8158e+01
5.1928e+01 5.9194e+01 6.6467e+01 7.2321e+01 7.1441e+01 7.1952e+01 7.0691e+01 6.6529e+01 6.0358e+01 5.2519e+01
5.3394e+01 6.3102e+01 7.0521e+01 7.5153e+01 7.6445e+01 7.6991e+01 7.3133e+01 7.0486e+01 6.3635e+01 5.5003e+01
5.5250e+01 6.4890e+01 7.1303e+01 7.6071e+01 7.9088e+01 7.8373e+01 7.5469e+01 7.1078e+01 6.5358e+01 5.5384e+01
5.6330e+01 6.4772e+01 7.2004e+01 7.7394e+01 7.9324e+01 7.7763e+01 7.5526e+01 7.2143e+01 6.5276e+01 5.3859e+01
5.4358e+01 6.3971e+01 7.1201e+01 7.3827e+01 7.6591e+01 7.5344e+01 7.4246e+01 7.0806e+01 6.3530e+01 5.2933e+01
5.0317e+01 6.0920e+01 6.5517e+01 6.9133e+01 7.1681e+01 7.2340e+01 7.1073e+01 6.4416e+01 6.1043e+01 5.1019e+01
4.8377e+01 5.4889e+01 5.9582e+01 6.3121e+01 6.4827e+01 6.4682e+01 6.3421e+01 6.0294e+01 5.5932e+01 4.7402e+01
4.0455e+01 4.8201e+01 5.0754e+01 5.2015e+01 5.4622e+01 5.5504e+01 5.2703e+01 5.1518e+01 4.7454e+01 4.1621e+01
Time Step 29
4.1027e+01 4.9195e+01 5.1098e+01 5.3677e+01 5.4870e+01 5.3830e+01 5.2714e+01 5.1060e+01 4.8414e+01 4.1349e+01
4.7893e+01 5.5596e+01 6.1389e+01 6.3617e+01 6.4960e+01 6.4315e+01 6.2360e+01 5.9496e+01 5.5569e+01 4.7106e+01
5.1818e+01 6.0937e+01 6.6787e+01 7.0668e+01 7.2660e+01 7.2023e+01 6.9054e+01 6.6143e+01 6.0084e+01 5.1192e+01
5.5238e+01 6.4455e+01 7.0030e+01 7.5630e+01 7.6354e+01 7.6140e+01 7.4918e+01 7.0310e+01 6.4282e+01 5.4479e+01
5.6251e+01 6.4590e+01 7.1719e+01 7.6396e+01 7.8495e+01 7.9343e+01 7.6201e+01 7.1420e+01 6.4674e+01 5.4612e+01
5.5788e+01 6.5384e+01 7.2415e+01 7.6958e+01 7.9068e+01 7.8825e+01 7.7210e+01 7.0888e+01 6.4182e+01 5.5956e+01
5.5113e+01 6.3368e+01 6.9250e+01 7.5919e+01 7.6604e+01 7.5923e+01 7.4929e+01 6.9721e+01 6.1856e+01 5.4177e+01
5.3158e+01 6.1404e+01 6.6258e+01 7.0349e+01 7.1962e+01 7.2130e+01 6.9709e+01 6.6977e+01 6.0493e+01 5.1564e+01
4.7808e+01 5.5442e+01 5.9801e+01 6.2087e+01 6.4586e+01 6.4818e+01 6.3449e+01 5.9992e+01 5.5283e+01 4.7149e+01
4.0498e+01 4.7522e+01 5.0509e+01 5.3005e+01 5.4878e+01 5.4166e+01 5.2067e+01 5.1095e+01 4.8082e+01 4.2166e+01
Time Step 30
4.2092e+01 4.8119e+01 5.1817e+01 5.3400e+01 5.4802e+01 5.3706e+01 5.4044e+01 5.1747e+01 4.7871e+01 4.1237e+01
4.8128e+01 5.5386e+01 6.0373e+01 6.3654e+01 6.5824e+01 6.4140e+01 6.3238e+01 6.0390e+01 5.5632e+01 4.8613e+01
5.1670e+01 5.9027e+01 6.6429e+01 6.9527e+01 7.2422e+01 7.2312e+01 6.9902e+01 6.6985e+01 6.0904e+01 5.2785e+01
5.3579e+01 6.5129e+01 7.1668e+01 7.5142e+01 7.6792e+01 7.6666e+01 7.4776e+01 6.9712e+01 6.4011e+01 5.3860e+01
5.5055e+01 6.6618e+01 7.3611e+01 7.7154e+01 7.9751e+01 7.9227e+01 7.4920e+01 7.0889e+01 6.5191e+01 5.4217e+01
5.5858e+01 6.4392e+01 7.3284e+01 7.7373e+01 7.9256e+01 7.7784e+01 7.6146e+01 7.0434e+01 6.4540e+01 5.4535e+01
5.3016e+01 6.1956e+01 7.0285e+01 7.3673e+01 7.6513e+01 7.5641e+01 7.5946e+01 6.9797e+01 6.5554e+01 5.4208e+01
5.1015e+01 5.9930e+01 6.6973e+01 7.0262e+01 7.2019e+01 7.1743e+01 7.1098e+01 6.6701e+01 6.1018e+01 5.1466e+01
4.8140e+01 5.5932e+01 6.1120e+01 6.3703e+01 6.5777e+01 6.5513e+01 6.2418e+01 6.1121e+01 5.5411e+01 4.7295e+01
4.1994e+01 4.7663e+01 5.2069e+01 5.3040e+01 5.4237e+01 5.4141e+01 5.2772e+01 5.1168e+01 4.8037e+01 4.1245e+01
Time Step 31
4.2501e+01 4.8284e+01 5.1159e+01 5.3409e+01 5.6284e+01 5.4854e+01 5.4056e+01 5.1703e+01 4.6655e+01 4.0679e+01
4.7960e+01 5.4687e+01 5.9774e+01 6.1288e+01 6.5811e+01 6.6008e+01 6.3484e+01 5.9463e+01 5.5446e+01 4.8335e+01
5.0998e+01 6.0605e+01 6.5553e+01 6.9272e+01 7.3280e+01 7.2788e+01 7.0106e+01 6.5728e+01 5.8989e+01 5.0679e+01
5.4892e+01 6.3836e+01 7.0401e+01 7.4038e+01 7.7252e+01 7.7574e+01 7.4771e+01 7.0674e+01 6.3040e+01 5.3634e+01
5.4809e+01 6.6322e+01 7.3052e+01 7.6553e+01 7.9154e+01 8.0333e+01 7.6369e+01 7.1090e+01 6.4517e+01 5.4447e+01
5.5087e+01 6.6070e+01 7.1331e+01 7.7030e+01 7.9095e+01 7.7836e+01 7.5949e+01 7.2149e+01 6.5588e+01 5.5585e+01
5.3276e+01 6.3586e+01 6.9673e+01 7.5712e+01 7.6141e+01 7.6281e+01 7.4960e+01 6.8194e+01 6.4036e+01 5.3817e+01
5.1876e+01 6.0234e+01 6.5817e+01 6.9599e+01 7.0686e+01 7.0864e+01 6.9768e+01 6.6146e+01 5.9444e+01 5.1629e+01
4.7621e+01 5.4880e+01 5.9840e+01 6.3004e+01 6.5023e+01 6.5145e+01 6.2956e+01 6.1294e+01 5.5530e+01 4.7504e+01
4.1455e+01 4.7424e+01 5.1104e+01 5.4842e+01 5.6043e+01 5.4382e+01 5.4000e+01 5.1283e+01 4.7376e+01 4.1592e+01
Time Step 32
4.1843e+01 4.6750e+01 5.1517e+01 5.3448e+01 5.4691e+01 5.5639e+01 5.4836e+01 5.1302e+01 4.8368e+01 4.1566e+01
4.7156e+01 5.5357e+01 5.9878e+01 6.3684e+01 6.4409e+01 6.3602e+01 6.3497e+01 6.1296e+01 5.5983e+01 4.7324e+01
5.1737e+01 6.1167e+01 6.6460e+01 7.0070e+01 7.2796e+01 7.2338e+01 7.1244e+01 6.7087e+01 5.8369e+01 5.1191e+01
5.3872e+01 6.3467e+01 7.0626e+01 7.5027e+01 7.6421e+01 7.6224e+01 7.4155e+01 7.1069e+01 6.2848e+01 5.4282e+01
5.4410e+01 6.5141e+01 7.0620e+01 7.6214e+01 7.9046e+01 8.0223e+01 7.7102e+01 7.0915e+01 6.4923e+01 5.5931e+01
5.5589e+01 6.4901e+01 7.1624e+01 7.6156e+01 7.7257e+01 7.8443e+01 7.6754e+01 7.1373e+01 6.4460e+01 5.3055e+01
5.2643e+01 6.3872e+01 7.0747e+01 7.5646e+01 7.6770e+01 7.6879e+01 7.4201e+01 7.0110e+01 6.2973e+01 5.4348e+01
5.0917e+01 5.9973e+01 6.6030e+01 7.1240e+01 7.2269e+01 7.2230e+01 6.9076e+01 6.4257e+01 6.1783e+01 5.1351e+01
4.7265e+01 5.5060e+01 6.0675e+01 6.3776e+01 6.5398e+01 6.5535e+01 6.2202e+01 5.9917e+01 5.5123e+01 4.7126e+01
4.1067e+01 4.6677e+01 5.2051e+01 5.4097e+01 5.5446e+01 5.4472e+01 5.3152e+01 5.1624e+01 4.8099e+01 4.0043e+01
Time Step 33
4.2448e+01 4.6812e+01 5.1107e+01 5.3652e+01 5.5161e+01 5.5821e+01 5.4843e+01 5.2293e+01 4.7461e+01 4.1124e+01
4.7604e+01 5.5843e+01 6.0813e+01 6.2679e+01 6.4309e+01 6.4563e+01 6.2530e+01 6.1230e+01 5.5350e+01 4.8406e+01
5.1449e+01 5.9459e+01 6.6746e+01 6.9989e+01 7.2350e+01 7.2887e+01 7.0817e+01 6.5788e+01 6.0013e+01 5.1203e+01
5.3165e+01 6.4862e+01 6.9358e+01 7.2935e+01 7.6675e+01 7.5568e+01 7.3767e+01 6.9513e+01 6.3107e+01 5.3764e+01
5.5442e+01 6.5944e+01 7.0455e+01 7.4836e+01 7.7873e+01 7.7645e+01 7.6147e+01 7.0981e+01 6.4002e+01 5.4738e+01
5.2754e+01 6.5395e+01 7.1303e+01 7.6056e+01 7.8995e+01 7.9234e+01 7.5557e+01 7.1983e+01 6.3362e+01 5.5370e+01
5.4219e+01 6.3799e+01 6.9325e+01 7.2793e+01 7.7353e+01 7.7229e+01 7.3644e+01 6.9605e+01 6.3572e+01 5.3279e+01
5.1253e+01 6.0362e+01 6.6309e+01 7.0347e+01 7.0998e+01 7.2086e+01 6.8716e+01 6.6909e+01 5.8940e+01 5.0556e+01
4.7785e+01 5.6173e+01 5.9955e+01 6.3005e+01 6.5213e+01 6.5107e+01 6.4403e+01 6.0572e+01 5.5215e+01 4.7072e+01
4.2006e+01 4.7731e+01 5.1847e+01 5.3094e+01 5.5212e+01 5.4303e+01 5.3128e+01 5.1064e+01 4.6490e+01 4.0910e+01
Time Step 34
4.0638e+01 4.6692e+01 5.2422e+01 5.2601e+01 5.4462e+01 5.3888e+01 5.3406e+01 5.1933e+01 4.8769e+01 4.0744e+01
4.7289e+01 5.4044e+01 5.9611e+01 6.3177e+01 6.5314e+01 6.4649e+01 6.2553e+01 6.1148e+01 5.6944e+01 4.8454e+01
5.2737e+01 5.9811e+01 6.5661e+01 6.9649e+01 7.2342e+01 7.2392e+01 6.9781e+01 6.6804e+01 6.0493e+01 5.1703e+01
5.3207e+01 6.2784e+01 6.9813e+01 7.3870e+01 7.6875e+01 7.6842e+01 7.4210e+01 6.9591e+01 6.2619e+01 5.3615e+01
5.5198e+01 6.4008e+01 7.1833e+01 7.6415e+01 7.9832e+01 7.8721e+01 7.6425e+01 6.9779e+01 6.2916e+01 5.4560e+01
5.5860e+01 6.4971e+01 7.0953e+01 7.6329e+01 7.9577e+01 7.8663e+01 7.6352e+01 7.1024e+01 6.4645e+01 5.4278e+01
5.4238e+01 6.3285e+01 6.9389e+01 7.3950e+01 7.6697e+01 7.6643e+01 7.3751e+01 6.9166e+01 6.2231e+01 5.2498e+01
5.0667e+01 5.9889e+01 6.5560e+01 6.8979e+01 7.1695e+01 7.1207e+01 6.9950e+01 6.6292e+01 6.0077e+01 5.0931e+01
4.8157e+01 5.3893e+01 6.0529e+01 6.2622e+01 6.5413e+01 6.4776e+01 6.2016e+01 5.9086e+01 5.5153e+01 4.7366e+01
4.0528e+01 4.7750e+01 5.0870e+01 5.4232e+01 5.4095e+01 5.5056e+01 5.2854e+01 5.1946e+01 4.7712e+01 4.1123e+01
Time Step 35
4.1128e+01 4.7723e+01 5.1961e+01 5.2389e+01 5.4506e+01 5.4789e+01 5.4083e+01 5.1215e+01 4.7206e+01 4.1227e+01
4.7878e+01 5.3561e+01 6.1457e+01 6.3680e+01 6.5578e+01 6.5846e+01 6.4727e+01 6.1142e+01 5.6417e+01 4.8080e+01
5.1231e+01 6.0341e+01 6.4930e+01 6.9174e+01 7.0825e+01 7.2031e+01 7.1653e+01 6.7739e+01 6.0031e+01 5.1579e+01
5.3852e+01 6.2834e+01 6.8879e+01 7.3527e+01 7.5303e+01 7.5090e+01 7.4192e+01 6.9128e+01 6.4003e+01 5.3731e+01
5.4015e+01 6.4944e+01 7.1676e+01 7.5165e+01 7.8917e+01 7.9579e+01 7.5952e+01 7.1500e+01 6.5037e+01 5.4727e+01
5.4473e+01 6.4586e+01 7.1253e+01 7.5361e+01 7.8537e+01 7.8865e+01 7.6806e+01 7.2476e+01 6.5341e+01 5.6043e+01
5.4058e+01 6.3183e+01 6.9736e+01 7.3449e+01 7.6680e+01 7.6956e+01 7.2965e+01 7.0151e+01 6.3028e+01 5.3018e+01
5.2346e+01 6.1187e+01 6.6551e+01 6.9357e+01 7.2689e+01 7.2893e+01 7.1280e+01 6.6622e+01 5.9516e+01 5.2439e+01
4.8748e+01 5.3971e+01 5.9796e+01 6.2476e+01 6.5824e+01 6.5309e+01 6.2148e+01 6.1477e+01 5.5258e+01 4.6790e+01
4.2143e+01 4.6572e+01 5.0922e+01 5.3457e+01 5.3635e+01 5.3491e+01 5.2985e+01 5.1401e+01 4.6366e+01 4.0251e+01
Time Step 36
4.1259e+01 4.7709e+01 5.0101e+01 5.3743e+01 5.5689e+01 5.4368e+01 5.3183e+01 5.0899e+01 4.8533e+01 4.0990e+01
4.8277e+01 5.4788e+01 6.0626e+01 6.2965e+01 6.4156e+01 6.4633e+01 6.3362e+01 6.1348e+01 5.5243e+01 4.6817e+01
5.1550e+01 6.0382e+01 6.4847e+01 6.9463e+01 7.1502e+01 7.2702e+01 7.0054e+01 6.7075e+01 6.0701e+01 5.2056e+01
5.2978e+01 6.1492e+01 6.8727e+01 7.3181e+01 7.6620e+01 7.7390e+01 7.5294e+01 7.1130e+01 6.3673e+01 5.4557e+01
5.3391e+01 6.3597e+01 7.0677e+01 7.5517e+01 7.8428e+01 7.9551e+01 7.6833e+01 7.3150e+01 6.4594e+01 5.6592e+01
5.3078e+01 6.3641e+01 7.1219e+01 7.5791e+01 7.9987e+01 7.9708e+01 7.6143e+01 7.2015e+01 6.5293e+01 5.6126e+01
5.3841e+01 6.3316e+01 6.9102e+01 7.3150e+01 7.6279e+01 7.7206e+01 7.4707e+01 7.0444e+01 6.4834e+01 5.3873e+01
5.1229e+01 5.9533e+01 6.5439e+01 6.9522e+01 7.2594e+01 7.1260e+01 7.0361e+01 6.6662e+01 6.1836e+01 5.1579e+01
4.8131e+01 5.4745e+01 6.1063e+01 6.2541e+01 6.5601e+01 6.5453e+01 6.3567e+01 6.0035e+01 5.5760e+01 4.8411e+01
4.0667e+01 4.7346e+01 5.1240e+01 5.3656e+01 5.5393e+01 5.5724e+01 5.3214e+01 5.1066e+01 4.7669e+01 4.1325e+01
Time Step 37
4.1279e+01 4.8138e+01 5.1598e+01 5.4623e+01 5.4761e+01 5.5969e+01 5.4392e+01 5.2071e+01 4.7498e+01 4.2370e+01
4.7057e+01 5.5267e+01 6.1119e+01 6.3616e+01 6.5717e+01 6.6157e+01 6.4416e+01 6.1873e+01 5.5066e+01 4.9283e+01
5.1079e+01 6.0928e+01 6.5786e+01 7.0416e+01 7.3067e+01 7.1849e+01 7.1075e+01 6.7215e+01 6.0337e+01 4.9867e+01
5.3048e+01 6.1987e+01 6.9580e+01 7.3064e+01 7.6101e+01 7.6014e+01 7.4925e+01 6.9422e+01 6.2157e+01 5.4989e+01
5.4303e+01 6.5122e+01 7.0643e+01 7.6169e+01 7.7473e+01 7.9486e+01 7.6937e+01 7.0768e+01 6.6265e+01 5.5276e+01
5.5324e+01 6.5843e+01 7.2129e+01 7.6272e+01 7.9219e+01 7.8044e+01 7.5744e+01 7.2376e+01 6.5018e+01 5.6105e+01
5.3198e+01 6.3387e+01 7.0422e+01 7.4550e+01 7.6437e+01 7.6194e+01 7.3966e+01 7.0667e+01 6.3593e+01 5.5125e+01
5.0813e+01 6.0135e+01 6.6371e+01 6.8139e+01 7.1673e+01 7.1841e+01 6.9459e+01 6.6670e+01 6.1463e+01 5.2387e+01
4.6602e+01 5.4541e+01 5.9865e+01 6.3615e+01 6.3853e+01 6.4553e+01 6.3185e+01 5.9688e+01 5.6478e+01 4.8277e+01
4.1274e+01 4.6957e+01 5.2097e+01 5.3056e+01 5.5290e+01 5.3230e+01 5.4490e+01 5.1933e+01 4.8609e+01 4.1565e+01
Time Step 38
4.1520e+01 4.7636e+01 5.3259e+01 5.3613e+01 5.5091e+01 5.5203e+01 5.4027e+01 5.1600e+01 4.8048e+01 4.1746e+01
4.8843e+01 5.5838e+01 6.0674e+01 6.3607e+01 6.5542e+01 6.5618e+01 6.3349e+01 6.1456e+01 5.5389e+01 4.8544e+01
5.1344e+01 6.0370e+01 6.6141e+01 6.9239e+01 7.1371e+01 7.3855e+01 6.9017e+01 6.7268e+01 6.1014e+01 5.1203e+01
5.2810e+01 6.2431e+01 6.9613e+01 7.3704e+01 7.6535e+01 7.6129e+01 7.4262e+01 7.0699e+01 6.3912e+01 5.4770e+01
5.4204e+01 6.4119e+01 7.1862e+01 7.6153e+01 7.9312e+01 7.9550e+01 7.7031e+01 7.1165e+01 6.4582e+01 5.5083e+01
5.5141e+01 6.5181e+01 7.1536e+01 7.6863e+01 7.9401e+01 7.9542e+01 7.7492e+01 7.1578e+01 6.5127e+01 5.5139e+01
5.4478e+01 6.2865e+01 6.9128e+01 7.4255e+01 7.6116e+01 7.6390e+01 7.4414e+01 6.9915e+01 6.3468e+01 5.3732e+01
5.2808e+01 5.9492e+01 6.6786e+01 7.0357e+01 7.2493e+01 7.2562e+01 7.0083e+01 6.5389e+01 6.1279e+01 5.3094e+01
4.8315e+01 5.6331e+01 6.0139e+01 6.3481e+01 6.4541e+01 6.4331e+01 6.3505e+01 6.0351e+01 5.5297e+01 4.8101e+01
4.2575e+01 4.8201e+01 5.1163e+01 5.3468e+01 5.4691e+01 5.5281e+01 5.4218e+01 5.2045e+01 4.7804e+01 4.1181e+01
Time Step 39
4.0953e+01 4.7294e+01 5.0357e+01 5.4525e+01 5.6237e+01 5.4931e+01 5.4560e+01 5.1934e+01 4.7448e+01 4.1181e+01
4.7206e+01 5.4894e+01 5.9440e+01 6.3233e+01 6.5942e+01 6.5141e+01 6.4266e+01 6.1274e+01 5.6019e+01 4.8107e+01
5.1830e+01 6.0346e+01 6.6361e+01 6.9383e+01 7.2416e+01 7.2890e+01 7.0128e+01 6.7192e+01 6.1291e+01 5.1707e+01
5.5293e+01 6.3996e+01 7.0487e+01 7.5460e+01 7.7771e+01 7.6875e+01 7.4197e+01 7.1658e+01 6.5110e+01 5.2496e+01
5.4710e+01 6.4856e+01 7.1550e+01 7.8757e+01 7.8880e+01 7.7826e+01 7.7092e+01 7.1977e+01 6.4190e+01 5.4617e+01
5.4416e+01 6.5089e+01 7.2933e+01 7.7150e+01 7.9636e+01 7.8248e+01 7.6631e+01 7.2744e+01 6.4669e+01 5.4558e+01
5.2197e+01 6.2410e+01 6.8900e+01 7.3918e+01 7.6560e+01 7.6854e+01 7.4613e+01 7.0755e+01 6.4034e+01 5.3763e+01
5.0517e+01 6.0365e+01 6.6695e+01 6.9805e+01 7.1927e+01 6.9723e+01 6.9802e+01 6.6026e+01 6.0731e+01 5.1976e+01
4.7351e+01 5.4509e+01 6.0019e+01 6.3993e+01 6.4637e+01 6.4708e+01 6.3567e+01 6.0824e+01 5.5648e+01 4.7323e+01
4.1848e+01 4.7078e+01 5.2771e+01 5.3925e+01 5.5119e+01 5.3890e+01 5.3871e+01 5.1248e+01 4.7275e+01 4.0598e+01
Time Step 40
4.1666e+01 4.8472e+01 5.2195e+01 5.4981e+01 5.5928e+01 5.6577e+01 5.3621e+01 5.2832e+01 4.8358e+01 4.0776e+01
4.7888e+01 5.5747e+01 5.9617e+01 6.2991e+01 6.5403e+01 6.5742e+01 6.4062e+01 6.0727e+01 5.5243e+01 4.6628e+01
5.1570e+01 6.1033e+01 6.6111e+01 7.0554e+01 7.2277e+01 7.2183e+01 7.0080e+01 6.6363e+01 5.9501e+01 5.1259e+01
5.4092e+01 6.1153e+01 6.9532e+01 7.5046e+01 7.6837e+01 7.5558e+01 7.4277e+01 6.8810e+01 6.3099e+01 5.4888e+01
5.4832e+01 6.5206e+01 7.1170e+01 7.8673e+01 8.0098e+01 7.7841e+01 7.6465e+01 7.1437e+01 6.3798e+01 5.4001e+01
5.5937e+01 6.5576e+01 7.0966e+01 7.7623e+01 8.0271e+01 7.8584e+01 7.6304e+01 7.2351e+01 6.5314e+01 5.4345e+01
5.4358e+01 6.4824e+01 6.9644e+01 7.4685e+01 7.7147e+01 7.7321e+01 7.5154e+01 7.1410e+01 6.4611e+01 5.3573e+01
5.1772e+01 6.0271e+01 6.4475e+01 7.1443e+01 7.2749e+01 7.2135e+01 7.0300e+01 6.7337e+01 6.0278e+01 5.2289e+01
4.8914e+01 5.6043e+01 5.9801e+01 6.3896e+01 6.5405e+01 6.5586e+01 6.4055e+01 6.0309e+01 5.5798e+01 4.8739e+01
4.1260e+01 4.7543e+01 5.1319e+01 5.3039e+01 5.5796e+01 5.4981e+01 5.3878e+01 5.0761e+01 4.7608e+01 4.1574e+01
Time Step 41
4.0739e+01 4.7256e+01 5.0149e+01 5.5660e+01 5.4596e+01 5.4785e+01 5.3791e+01 5.0285e+01 4.7709e+01 4.1406e+01
4.8032e+01 5.5591e+01 6.0935e+01 6.3455e+01 6.5385e+01 6.4614e+01 6.3385e+01 5.9530e+01 5.5382e+01 4.7677e+01
5.1741e+01 5.9821e+01 6.7114e+01 7.0610e+01 7.1656e+01 7.2202e+01 6.9769e+01 6.4733e+01 5.9866e+01 5.1151e+01
5.4239e+01 6.3400e+01 6.8813e+01 7.3847e+01 7.5724e+01 7.6832e+01 7.3094e+01 6.9282e+01 6.4437e+01 5.2953e+01
5.5192e+01 6.3830e+01 7.2423e+01 7.6283e+01 7.9053e+01 7.7533e+01 7.6730e+01 7.2639e+01 6.4698e+01 5.4861e+01
5.4249e+01 6.6039e+01 7.1640e+01 7.7402e+01 7.7763e+01 7.8058e+01 7.5790e+01 7.2082e+01 6.4944e+01 5.5510e+01
5.4063e+01 6.2082e+01 7.0476e+01 7.3952e+01 7.6428e+01 7.5918e+01 7.4385e+01 7.0528e+01 6.4647e+01 5.4469e+01
5.1753e+01 5.9907e+01 6.6057e+01 6.9935e+01 7.2016e+01 7.1906e+01 6.9964e+01 6.5302e+01 6.0237e+01 5.0598e+01
4.7693e+01 5.5950e+01 6.0132e+01 6.4589e+01 6.5386e+01 6.5261e+01 6.3230e+01 6.1067e+01 5.4481e+01 4.7615e+01
4.1032e+01 4.7849e+01 5.2509e+01 5.4091e+01 5.5892e+01 5.6263e+01 5.3370e+01 5.0682e+01 4.6551e+01 4.2048e+01
Time Step 42
4.0704e+01 4.7083e+01 5.0623e+01 5.3873e+01 5.4424e+01 5.5012e+01 5.3181e+01 5.0001e+01 4.5985e+01 4.0800e+01
4.7697e+01 5.5448e+01 5.9126e+01 6.4480e+01 6.4325e+01 6.4972e+01 6.2785e+01 5.9325e+01 5.6241e+01 4.7110e+01
5.0744e+01 5.9640e+01 6.6457e+01 7.0297e+01 7.0785e+01 7.0608e+01 6.9011e+01 6.6298e+01 6.1018e+01 5.1520e+01
5.4217e+01 6.3493e+01 6.9882e+01 7.4808e+01 7.5814e+01 7.5753e+01 7.2611e+01 6.9088e+01 6.4139e+01 5.3306e+01
5.4364e+01 6.4750e+01 7.1421e+01 7.6283e+01 7.8081e+01 7.8548e+01 7.6052e+01 7.2782e+01 6.4369e+01 5.5147e+01
5.5610e+01 6.4908e+01 7.1495e+01 7.6112e+01 7.7528e+01 7.9255e+01 7.8845e+01 7.1871e+01 6.4590e+01 5.4053e+01
5.4293e+01 6.3000e+01 7.0189e+01 7.3806e+01 7.6832e+01 7.8105e+01 7.4379e+01 6.9493e+01 6.3235e+01 5.3450e+01
5.0592e+01 6.0934e+01 6.6808e+01 6.9555e+01 7.1381e+01 7.1949e+01 7.0665e+01 6.6718e+01 5.9735e+01 5.1905e+01
4.7469e+01 5.5255e+01 5.9835e+01 6.1920e+01 6.4305e+01 6.4973e+01 6.3873e+01 6.0410e+01 5.4740e+01 4.8054e+01
4.1778e+01 4.7980e+01 5.0821e+01 5.2731e+01 5.5072e+01 5.5979e+01 5.2977e+01 5.2119e+01 4.7079e+01 4.1033e+01
Time Step 43
4.1335e+01 4.7765e+01 5.0906e+01 5.3085e+01 5.3853e+01 5.4374e+01 5.2369e+01 5.0811e+01 4.6822e+01 4.1626e+01
4.7433e+01 5.5278e+01 6.0956e+01 6.3223e+01 6.4801e+01 6.4740e+01 6.3267e+01 6.1025e+01 5.5355e+01 4.7364e+01
5.0872e+01 6.0762e+01 6.5385e+01 6.9032e+01 7.1254e+01 7.0885e+01 7.0139e+01 6.6474e+01 6.0420e+01 5.1663e+01
5.4234e+01 6.1594e+01 6.8812e+01 7.3668e+01 7.4966e+01 7.5712e+01 7.3619e+01 6.9453e+01 6.2659e+01 5.3603e+01
5.4916e+01 6.4284e+01 7.2529e+01 7.5456e+01 7.9656e+01 7.8315e+01 7.5607e+01 7.1738e+01 6.4737e+01 5.4323e+01
5.5041e+01 6.3969e+01 7.1877e+01 7.6189e+01 7.6922e+01 7.7516e+01 7.6033e+01 7.2509e+01 6.3920e+01 5.5186e+01
5.4572e+01 6.3893e+01 6.9687e+01 7.5289e+01 7.6299e+01 7.5081e+01 7.3752e+01 7.0109e+01 6.4335e+01 5.4382e+01
5.2805e+01 6.0186e+01 6.5634e+01 7.0456e+01 7.2815e+01 7.2091e+01 7.0595e+01 6.6811e+01 6.1219e+01 5.1961e+01
4.9255e+01 5.6140e+01 6.0440e+01 6.3400e+01 6.5245e+01 6.4484e+01 6.3008e+01 6.0021e+01 5.5517e+01 4.8897e+01
4.2412e+01 4.8262e+01 5.0521e+01 5.3770e+01 5.4206e+01 5.3268e+01 5.1990e+01 5.2577e+01 4.7757e+01 4.2492e+01
Time Step 44
4.1121e+01 4.7909e+01 5.0247e+01 5.4013e+01 5.3766e+01 5.4310e+01 5.2937e+01 5.1802e+01 4.7612e+01 4.0933e+01
4.7019e+01 5.6485e+01 5.8975e+01 6.1803e+01 6.3350e+01 6.3926e+01 6.3270e+01 6.0025e+01 5.6072e+01 4.7190e+01
5.0495e+01 6.0645e+01 6.5545e+01 6.8154e+01 7.0978e+01 7.2751e+01 6.9768e+01 6.6020e+01 5.9484e+01 5.0836e+01
5.4409e+01 6.2895e+01 6.9137e+01 7.2983e+01 7.6603e+01 7.6316e+01 7.4418e+01 6.9582e+01 6.2994e+01 5.4338e+01
5.4162e+01 6.4424e+01 7.1753e+01 7.6425e+01 7.8843e+01 7.9167e+01 7.6616e+01 7.1631e+01 6.5820e+01 5.5641e+01
5.4921e+01 6.4632e+01 7.1523e+01 7.5794e+01 7.8609e+01 7.9908e+01 7.6799e+01 7.0540e+01 6.5387e+01 5.4320e+01
5.5154e+01 6.2588e+01 7.0679e+01 7.3241e+01 7.6722e+01 7.5635e+01 7.2918e+01 6.7578e+01 6.3765e+01 5.3870e+01
5.1616e+01 6.0710e+01 6.6573e+01 7.1616e+01 7.1552e+01 7.1792e+01 6.9585e+01 6.5982e+01 5.9772e+01 5.1586e+01
4.9045e+01 5.5264e+01 6.0121e+01 6.2242e+01 6.5815e+01 6.6256e+01 6.3497e+01 6.0421e+01 5.4711e+01 4.8363e+01
4.1806e+01 4.7961e+01 5.1254e+01 5.3401e+01 5.4955e+01 5.5230e+01 5.4641e+01 5.2906e+01 4.8520e+01 4.0718e+01
Time Step 45
4.0763e+01 4.7794e+01 5.1437e+01 5.3594e+01 5.4999e+01 5.4408e+01 5.3616e+01 5.1034e+01 4.6829e+01 4.1535e+01
4.7589e+01 5.5635e+01 6.0009e+01 6.3650e+01 6.4678e+01 6.4147e+01 6.3388e+01 6.0358e+01 5.6755e+01 4.8609e+01
5.1584e+01 6.0416e+01 6.6598e+01 6.9076e+01 7.2158e+01 7.1451e+01 6.9320e+01 6.6011e+01 6.0083e+01 5.1089e+01
5.3512e+01 6.3511e+01 7.1064e+01 7.3682e+01 7.6107e+01 7.6226e+01 7.3278e+01 6.9153e+01 6.3799e+01 5.4021e+01
5.5667e+01 6.4169e+01 7.2235e+01 7.6596e+01 7.8920e+01 7.9313e+01 7.5738e+01 7.1181e+01 6.5401e+01 5.4849e+01
5.3813e+01 6.4635e+01 7.2464e+01 7.6010e+01 7.8684e+01 7.9735e+01 7.5388e+01 7.0450e+01 6.5497e+01 5.4517e+01
5.4812e+01 6.2167e+01 7.0295e+01 7.3859e+01 7.7605e+01 7.7458e+01 7.5534e+01 7.1163e+01 6.4354e+01 5.4530e+01
5.0886e+01 6.0235e+01 6.5982e+01 7.0887e+01 7.2331e+01 7.2927e+01 6.9739e+01 6.6427e+01 6.0380e+01 5.1364e+01
4.6838e+01 5.4949e+01 5.9936e+01 6.2500e+01 6.5330e+01 6.5064e+01 6.3039e+01 6.0361e+01 5.3508e+01 4.7022e+01
4.0137e+01 4.7182e+01 5.1349e+01 5.3615e+01 5.4489e+01 5.3967e+01 5.3587e+01 5.1620e+01 4.7558e+01 4.1079e+01
Time Step 46
4.1310e+01 4.7067e+01 5.1807e+01 5.4303e+01 5.4320e+01 5.5140e+01 5.3895e+01 5.1698e+01 4.7533e+01 4.2239e+01
4.6903e+01 5.4591e+01 6.0065e+01 6.3679e+01 6.4977e+01 6.4171e+01 6.3573e+01 6.0374e+01 5.5282e+01 4.7242e+01
5.2099e+01 6.1456e+01 6.5698e+01 6.9039e+01 7.2046e+01 7.1194e+01 7.1026e+01 6.6231e+01 5.9886e+01 5.0772e+01
5.3937e+01 6.4856e+01 7.0708e+01 7.2821e+01 7.7280e+01 7.7872e+01 7.5507e+01 7.0863e+01 6.2275e+01 5.2396e+01
5.4914e+01 6.4891e+01 7.1218e+01 7.6883e+01 7.9068e+01 7.9252e+01 7.6458e+01 7.3057e+01 6.5090e+01 5.4758e+01
5.5057e+01 6.5932e+01 7.2181e+01 7.6023e+01 7.8824e+01 7.9067e+01 7.5077e+01 7.1637e+01 6.4412e+01 5.4083e+01
5.3639e+01 6.2520e+01 7.0007e+01 7.4790e+01 7.6747e+01 7.6447e+01 7.2810e+01 6.8264e+01 6.2768e+01 5.2891e+01
5.2028e+01 5.9920e+01 6.4781e+01 7.1340e+01 7.1236e+01 7.1495e+01 6.9446e+01 6.5961e+01 6.0168e+01 5.1328e+01
4.6940e+01 5.4855e+01 6.0405e+01 6.3393e+01 6.5867e+01 6.4132e+01 6.4218e+01 6.2052e+01 5.5419e+01 4.6049e+01
4.0691e+01 4.8168e+01 5.0640e+01 5.3488e+01 5.5145e+01 5.4634e+01 5.4085e+01 5.1895e+01 4.7657e+01 4.0871e+01
Time Step 47
4.0609e+01 4.7233e+01 5.1162e+01 5.3302e+01 5.5581e+01 5.5794e+01 5.3608e+01 5.0908e+01 4.6876e+01 4.1243e+01
4.7585e+01 5.5952e+01 6.1715e+01 6.4828e+01 6.4731e+01 6.5117e+01 6.3906e+01 5.9717e+01 5.4729e+01 4.6221e+01
5.1016e+01 6.1447e+01 6.5530e+01 6.9489e+01 7.1358e+01 7.1641e+01 7.0674e+01 6.6589e+01 6.0841e+01 5.2104e+01
5.3373e+01 6.2338e+01 6.9395e+01 7.3646e+01 7.5758e+01 7.6444e+01 7.5231e+01 6.9848e+01 6.3574e+01 5.3994e+01
5.5871e+01 6.6408e+01 7.2824e+01 7.5766e+01 7.9301e+01 7.8841e+01 7.7342e+01 7.2528e+01 6.4805e+01 5.4620e+01
5.5781e+01 6.4531e+01 7.0885e+01 7.6408e+01 7.8715e+01 7.9416e+01 7.5566e+01 7.2008e+01 6.4038e+01 5.4201e+01
5.3334e+01 6.3091e+01 6.9099e+01 7.4129e+01 7.5574e+01 7.7037e+01 7.4082e+01 6.9313e+01 6.3162e+01 5.3099e+01
5.1445e+01 6.0074e+01 6.6531e+01 6.9149e+01 7.0774e+01 7.1306e+01 6.9278e+01 6.5178e+01 6.0086e+01 5.2672e+01
4.7649e+01 5.5410e+01 6.0302e+01 6.2078e+01 6.5154e+01 6.3758e+01 6.3720e+01 6.0297e+01 5.5407e+01 4.8209e+01
4.1584e+01 4.7968e+01 5.0605e+01 5.3621e+01 5.4546e+01 5.5819e+01 5.3552e+01 4.9928e+01 4.6955e+01 4.0488e+01
Time Step 48
3.9721e+01 4.7086e+01 5.1006e+01 5.3426e+01 5.4065e+01 5.4769e+01 5.2663e+01 5.0731e+01 4.6719e+01 4.0822e+01
4.7506e+01 5.5279e+01 5.9773e+01 6.2347e+01 6.4264e+01 6.3295e+01 6.2690e+01 6.0149e+01 5.5642e+01 4.6909e+01
5.1059e+01 6.1241e+01 6.5898e+01 6.9800e+01 7.0455e+01 7.0723e+01 6.7229e+01 6.6063e+01 6.1655e+01 5.2169e+01
5.3166e+01 6.2987e+01 7.0362e+01 7.4167e+01 7.7121e+01 7.5347e+01 7.4593e+01 7.0341e+01 6.2880e+01 5.3492e+01
5.4947e+01 6.5567e+01 7.1407e+01 7.5517e+01 7.8212e+01 7.9158e+01 7.5815e+01 7.1387e+01 6.4530e+01 5.5208e+01
5.5480e+01 6.5281e+01 7.1336e+01 7.5655e+01 7.9464e+01 7.8740e+01 7.6412e+01 7.2008e+01 6.4244e+01 5.4628e+01
5.3751e+01 6.3355e+01 7.0733e+01 7.4668e+01 7.5440e+01 7.6603e+01 7.2722e+01 6.9692e+01 6.3002e+01 5.3081e+01
5.0764e+01 6.0171e+01 6.8243e+01 7.1413e+01 7.2828e+01 7.1115e+01 6.9032e+01 6.7194e+01 5.9410e+01 5.0955e+01
4.7491e+01 5.6204e+01 6.0742e+01 6.3419e+01 6.5921e+01 6.5399e+01 6.3005e+01 6.0456e+01 5.5207e+01 4.7573e+01
4.0653e+01 4.8425e+01 5.1997e+01 5.3623e+01 5.5660e+01 5.5423e+01 5.3669e+01 5.0714e+01 4.7580e+01 4.0358e+01
Time Step 49
4.0745e+01 4.7907e+01 5.0481e+01 5.2486e+01 5.3533e+01 5.6279e+01 5.3260e+01 5.0469e+01 4.6575e+01 4.1590e+01
4.6244e+01 5.5834e+01 5.8736e+01 6.1774e+01 6.5496e+01 6.4669e+01 6.2941e+01 5.9823e+01 5.5421e+01 4.7420e+01
5.0561e+01 6.0860e+01 6.5226e+01 6.9275e+01 7.1599e+01 7.2529e+01 7.0345e+01 6.6983e+01 6.0950e+01 5.0812e+01
5.2884e+01 6.2474e+01 7.0619e+01 7.4884e+01 7.6625e+01 7.6732e+01 7.4014e+01 6.9944e+01 6.2162e+01 5.3577e+01
5.5124e+01 6.5277e+01 7.3257e+01 7.5262e+01 7.7711e+01 7.9637e+01 7.7155e+01 7.2707e+01 6.4622e+01 5.4437e+01
5.4997e+01 6.4144e+01 7.1776e+01 7.5912e+01 7.8322e+01 8.0405e+01 7.7047e+01 7.1035e+01 6.4858e+01 5.5768e+01
5.3994e+01 6.3663e+01 7.0191e+01 7.3574e+01 7.7443e+01 7.5410e+01 7.3286e+01 6.8960e+01 6.4636e+01 5.4036e+01
5.2540e+01 6.0526e+01 6.5859e+01 6.9924e+01 7.1804e+01 7.1538e+01 6.8663e+01 6.7044e+01 6.1200e+01 5.1250e+01
4.8222e+01 5.6353e+01 5.9630e+01 6.3055e+01 6.5048e+01 6.4338e+01 6.2906e+01 5.9840e+01 5.5473e+01 4.7857e+01
4.1098e+01 4.8084e+01 4.9914e+01 5.3777e+01 5.5905e+01 5.3489e+01 5.3541e+01 5.0686e+01 4.8110e+01 4.1422e+01
Time Step 50
4.1552e+01 4.7622e+01 5.1679e+01 5.3734e+01 5.5002e+01 5.3702e+01 5.3427e+01 5.1308e+01 4.7206e+01 4.0835e+01
4.8038e+01 5.5855e+01 6.0731e+01 6.5479e+01 6.5663e+01 6.4689e+01 6.3063e+01 6.0394e+01 5.6066e+01 4.8071e+01
5.0963e+01 5.9840e+01 6.6140e+01 7.0247e+01 7.2235e+01 7.2905e+01 7.0212e+01 6.5664e+01 6.1092e+01 5.1488e+01
5.3534e+01 6.2905e+01 6.9793e+01 7.5567e+01 7.5993e+01 7.6758e+01 7.4228e+01 6.9750e+01 6.3596e+01 5.4289e+01
5.4984e+01 6.4855e+01 7.1725e+01 7.6307e+01 8.0204e+01 7.9901e+01 7.6712e+01 7.2678e+01 6.4133e+01 5.5193e+01
5.5346e+01 6.4973e+01 7.1456e+01 7.6827e+01 7.9631e+01 7.8867e+01 7.6935e+01 7.1267e+01 6.4398e+01 5.5108e+01
5.4101e+01 6.3198e+01 7.1849e+01 7.5733e+01 7.6575e+01 7.6123e+01 7.4493e+01 6.8823e+01 6.3677e+01 5.3240e+01
5.1525e+01 6.0891e+01 6.6552e+01 7.0570e+01 7.2693e+01 7.2302e+01 7.0973e+01 6.6986e+01 6.0770e+01 5.1607e+01
4.8256e+01 5.5081e+01 6.0778e+01 6.3366e+01 6.5244e+01 6.4918e+01 6.4115e+01 6.0193e+01 5.4930e+01 4.8031e+01
4.0999e+01 4.6578e+01 5.0736e+01 5.3889e+01 5.4164e+01 5.5134e+01 5.3970e+01 5.2017e+01 4.7661e+01 4.1368e+01
