Time Step 1
9.7160e-04 1.0270e-03 1.0294e-03 1.0369e-03 1.0390e-03 1.0451e-03 1.0462e-03 1.0409e-03 1.0238e-03 9.9400e-04
1.0235e-03 1.0842e-03 1.0762e-03 1.0990e-03 1.0912e-03 1.0858e-03 1.0904e-03 1.0898e-03 1.0509e-03 1.0316e-03
1.0152e-03 1.0801e-03 1.0976e-03 1.1189e-03 1.1212e-03 1.1220e-03 1.1258e-03 1.1090e-03 1.0780e-03 1.0517e-03
1.0529e-03 1.0795e-03 1.1074e-03 1.1243e-03 1.1284e-03 1.1248e-03 1.1145e-03 1.1213e-03 1.0920e-03 1.0492e-03
1.0584e-03 1.0875e-03 1.1134e-03 1.1278e-03 1.1340e-03 1.1256e-03 1.1094e-03 1.1086e-03 1.0945e-03 1.0637e-03
1.0629e-03 1.0975e-03 1.1377e-03 1.1512e-03 1.1279e-03 1.1172e-03 1.1065e-03 1.1089e-03 1.1289e-03 1.0511e-03
1.0400e-03 1.1036e-03 1.1143e-03 1.1320e-03 1.1195e-03 1.1310e-03 1.1041e-03 1.1010e-03 1.1157e-03 1.0565e-03
1.0256e-03 1.0922e-03 1.0967e-03 1.1175e-03 1.1180e-03 1.1134e-03 1.1060e-03 1.0936e-03 1.0915e-03 1.0306e-03
1.0193e-03 1.0736e-03 1.0913e-03 1.1228e-03 1.1048e-03 1.0927e-03 1.1130e-03 1.0968e-03 1.0951e-03 1.0168e-03
9.7710e-04 1.0246e-03 1.0621e-03 1.0803e-03 1.0587e-03 1.0557e-03 1.0708e-03 1.0495e-03 1.0262e-03 9.9770e-04
Time Step 2
1.9500e-03 1.8835e-03 1.8949e-03 1.9227e-03 1.9075e-03 1.9378e-03 1.9332e-03 1.9425e-03 1.9068e-03 1.9458e-03
1.8954e-03 1.8281e-03 1.8682e-03 1.8986e-03 1.8786e-03 1.8602e-03 1.8723e-03 1.8937e-03 1.8844e-03 1.8817e-03
1.9086e-03 1.8512e-03 1.8875e-03 1.8901e-03 1.9015e-03 1.8742e-03 1.8834e-03 1.8515e-03 1.8517e-03 1.9134e-03
1.9194e-03 1.8556e-03 1.9003e-03 1.9156e-03 1.9199e-03 1.9202e-03 1.9336e-03 1.9193e-03 1.8982e-03 1.8989e-03
1.9263e-03 1.8842e-03 1.9123e-03 1.9303e-03 1.9504e-03 1.9396e-03 1.9066e-03 1.8862e-03 1.8873e-03 1.9032e-03
1.9555e-03 1.8805e-03 1.8845e-03 1.9180e-03 1.9128e-03 1.9119e-03 1.9157e-03 1.8939e-03 1.8919e-03 1.9254e-03
1.9549e-03 1.8856e-03 1.8940e-03 1.9193e-03 1.9121e-03 1.9019e-03 1.9135e-03 1.8794e-03 1.8574e-03 1.9193e-03
1.9109e-03 1.8591e-03 1.8662e-03 1.9024e-03 1.9002e-03 1.9085e-03 1.8948e-03 1.8414e-03 1.8480e-03 1.9025e-03
1.9025e-03 1.8151e-03 1.8400e-03 1.9055e-03 1.9158e-03 1.9132e-03 1.8839e-03 1.8289e-03 1.8429e-03 1.8856e-03
1.9946e-03 1.9171e-03 1.9280e-03 1.9531e-03 1.9739e-03 1.9539e-03 1.9248e-03 1.9087e-03 1.9135e-03 1.9762e-03
Time Step 3
2.3086e-03 2.2486e-03 2.2320e-03 2.2403e-03 2.2210e-03 2.2061e-03 2.2466e-03 2.2635e-03 2.2688e-03 2.3374e-03
2.2256e-03 2.1446e-03 2.1520e-03 2.1586e-03 2.1535e-03 2.1389e-03 2.1477e-03 2.1716e-03 2.1701e-03 2.2554e-03
2.1919e-03 2.1050e-03 2.1316e-03 2.1357e-03 2.1267e-03 2.0932e-03 2.1527e-03 2.1359e-03 2.1144e-03 2.2216e-03
2.1929e-03 2.0884e-03 2.1315e-03 2.1296e-03 2.1433e-03 2.1230e-03 2.1182e-03 2.1346e-03 2.1394e-03 2.2237e-03
2.2467e-03 2.1368e-03 2.1283e-03 2.1274e-03 2.1454e-03 2.1127e-03 2.1249e-03 2.1182e-03 2.1763e-03 2.2434e-03
2.2263e-03 2.1568e-03 2.1394e-03 2.1318e-03 2.1396e-03 2.1528e-03 2.1552e-03 2.1164e-03 2.1483e-03 2.2216e-03
2.2177e-03 2.1520e-03 2.1269e-03 2.1339e-03 2.1579e-03 2.1205e-03 2.1438e-03 2.1111e-03 2.1113e-03 2.1745e-03
2.2279e-03 2.1522e-03 2.1248e-03 2.1388e-03 2.1668e-03 2.1335e-03 2.1369e-03 2.1325e-03 2.1792e-03 2.2207e-03
2.2444e-03 2.1452e-03 2.1765e-03 2.1613e-03 2.1653e-03 2.1641e-03 2.1567e-03 2.1465e-03 2.1823e-03 2.2235e-03
2.3792e-03 2.2343e-03 2.2505e-03 2.2091e-03 2.2271e-03 2.2207e-03 2.2176e-03 2.2315e-03 2.2374e-03 2.3036e-03
Time Step 4
2.4223e-03 2.2851e-03 2.3093e-03 2.2858e-03 2.3075e-03 2.3127e-03 2.2962e-03 2.3013e-03 2.3146e-03 2.4141e-03
2.3189e-03 2.2199e-03 2.2302e-03 2.2202e-03 2.2581e-03 2.2323e-03 2.2122e-03 2.2506e-03 2.2308e-03 2.3261e-03
2.3159e-03 2.2034e-03 2.2255e-03 2.2488e-03 2.2355e-03 2.2223e-03 2.2047e-03 2.2214e-03 2.2643e-03 2.3325e-03
2.3177e-03 2.2061e-03 2.2069e-03 2.2196e-03 2.2089e-03 2.2156e-03 2.1993e-03 2.2254e-03 2.2565e-03 2.3221e-03
2.3083e-03 2.2269e-03 2.2135e-03 2.2143e-03 2.2101e-03 2.2138e-03 2.2043e-03 2.2035e-03 2.2206e-03 2.3443e-03
2.2876e-03 2.2065e-03 2.2150e-03 2.2095e-03 2.2197e-03 2.2049e-03 2.1864e-03 2.2378e-03 2.2050e-03 2.3246e-03
2.3275e-03 2.2420e-03 2.2403e-03 2.2183e-03 2.2249e-03 2.1967e-03 2.1880e-03 2.2116e-03 2.2088e-03 2.3103e-03
2.3077e-03 2.2248e-03 2.2210e-03 2.1952e-03 2.2036e-03 2.2007e-03 2.2375e-03 2.2327e-03 2.2415e-03 2.3255e-03
2.3656e-03 2.2463e-03 2.2650e-03 2.2448e-03 2.2290e-03 2.2085e-03 2.2242e-03 2.2278e-03 2.2528e-03 2.3449e-03
2.4268e-03 2.3273e-03 2.3051e-03 2.3043e-03 2.3356e-03 2.2870e-03 2.3065e-03 2.3236e-03 2.3387e-03 2.4215e-03
Time Step 5
2.4334e-03 2.3085e-03 2.3128e-03 2.3069e-03 2.3437e-03 2.3394e-03 2.3453e-03 2.3421e-03 2.3354e-03 2.4581e-03
2.3551e-03 2.2466e-03 2.2700e-03 2.2461e-03 2.2617e-03 2.2574e-03 2.2671e-03 2.2788e-03 2.2748e-03 2.3503e-03
2.3406e-03 2.2556e-03 2.2496e-03 2.2281e-03 2.2392e-03 2.2543e-03 2.2523e-03 2.2482e-03 2.2556e-03 2.3212e-03
2.3434e-03 2.2273e-03 2.2090e-03 2.2119e-03 2.2312e-03 2.2462e-03 2.2424e-03 2.2437e-03 2.2549e-03 2.3430e-03
2.3279e-03 2.2301e-03 2.2361e-03 2.2086e-03 2.2362e-03 2.2229e-03 2.2471e-03 2.2457e-03 2.2321e-03 2.3235e-03
2.2829e-03 2.2273e-03 2.2243e-03 2.2128e-03 2.2390e-03 2.2289e-03 2.2248e-03 2.2369e-03 2.2428e-03 2.3086e-03
2.3044e-03 2.2354e-03 2.2393e-03 2.2225e-03 2.2419e-03 2.2370e-03 2.2412e-03 2.2276e-03 2.2311e-03 2.3022e-03
2.3258e-03 2.2386e-03 2.2428e-03 2.2297e-03 2.2570e-03 2.2533e-03 2.2761e-03 2.2512e-03 2.2709e-03 2.3383e-03
2.3887e-03 2.3033e-03 2.2261e-03 2.2428e-03 2.2845e-03 2.2700e-03 2.2782e-03 2.2887e-03 2.3040e-03 2.3555e-03
2.4615e-03 2.3896e-03 2.3255e-03 2.3123e-03 2.3098e-03 2.3307e-03 2.3511e-03 2.3349e-03 2.3257e-03 2.4135e-03
Time Step 6
2.4429e-03 2.3579e-03 2.3546e-03 2.3344e-03 2.3096e-03 2.3231e-03 2.3336e-03 2.3675e-03 2.3759e-03 2.4240e-03
2.3580e-03 2.2679e-03 2.2456e-03 2.2281e-03 2.2376e-03 2.2763e-03 2.2942e-03 2.3143e-03 2.2934e-03 2.3888e-03
2.3453e-03 2.2686e-03 2.2379e-03 2.2316e-03 2.2645e-03 2.2467e-03 2.2537e-03 2.2299e-03 2.2630e-03 2.3750e-03
2.3125e-03 2.2512e-03 2.2910e-03 2.2634e-03 2.2706e-03 2.2309e-03 2.2228e-03 2.2115e-03 2.2564e-03 2.3394e-03
2.3095e-03 2.2552e-03 2.2738e-03 2.2552e-03 2.2570e-03 2.2481e-03 2.2511e-03 2.2464e-03 2.3026e-03 2.3404e-03
2.3044e-03 2.2560e-03 2.2659e-03 2.2382e-03 2.2193e-03 2.2206e-03 2.2530e-03 2.2528e-03 2.2630e-03 2.2929e-03
2.3197e-03 2.2362e-03 2.2307e-03 2.2447e-03 2.2327e-03 2.2176e-03 2.2426e-03 2.2616e-03 2.2694e-03 2.3264e-03
2.3004e-03 2.2639e-03 2.2677e-03 2.2608e-03 2.2571e-03 2.2521e-03 2.2519e-03 2.2628e-03 2.2847e-03 2.3876e-03
2.3024e-03 2.2935e-03 2.2612e-03 2.2664e-03 2.2381e-03 2.2701e-03 2.2963e-03 2.3021e-03 2.3026e-03 2.3752e-03
2.4018e-03 2.3417e-03 2.3578e-03 2.3284e-03 2.3129e-03 2.3454e-03 2.3596e-03 2.3673e-03 2.3886e-03 2.4566e-03
Time Step 7
2.4293e-03 2.3235e-03 2.3039e-03 2.3286e-03 2.3285e-03 2.3838e-03 2.3831e-03 2.4014e-03 2.3796e-03 2.4397e-03
2.3356e-03 2.2411e-03 2.2351e-03 2.2237e-03 2.2435e-03 2.3008e-03 2.2879e-03 2.3142e-03 2.3096e-03 2.3915e-03
2.3169e-03 2.2757e-03 2.2672e-03 2.2570e-03 2.2492e-03 2.2396e-03 2.2559e-03 2.2640e-03 2.3089e-03 2.3952e-03
2.3617e-03 2.2972e-03 2.2707e-03 2.2542e-03 2.2975e-03 2.3054e-03 2.2919e-03 2.2588e-03 2.2741e-03 2.3260e-03
2.3447e-03 2.2565e-03 2.2548e-03 2.2328e-03 2.2628e-03 2.2484e-03 2.2533e-03 2.2875e-03 2.2787e-03 2.3034e-03
2.3437e-03 2.2393e-03 2.2448e-03 2.2590e-03 2.2422e-03 2.2265e-03 2.2543e-03 2.2743e-03 2.2589e-03 2.2874e-03
2.3386e-03 2.2390e-03 2.2476e-03 2.2317e-03 2.2537e-03 2.2426e-03 2.2411e-03 2.2605e-03 2.2769e-03 2.3690e-03
2.3201e-03 2.2682e-03 2.2542e-03 2.2581e-03 2.2422e-03 2.2503e-03 2.2395e-03 2.2835e-03 2.2796e-03 2.3571e-03
2.3384e-03 2.2917e-03 2.2683e-03 2.3083e-03 2.2843e-03 2.2879e-03 2.2873e-03 2.2777e-03 2.2573e-03 2.3297e-03
2.4124e-03 2.3630e-03 2.3658e-03 2.3563e-03 2.3624e-03 2.3517e-03 2.3424e-03 2.3327e-03 2.3533e-03 2.4378e-03
Time Step 8
2.4450e-03 2.3593e-03 2.3211e-03 2.3165e-03 2.3329e-03 2.3444e-03 2.3535e-03 2.3739e-03 2.3784e-03 2.4365e-03
2.3698e-03 2.2776e-03 2.2473e-03 2.2625e-03 2.3088e-03 2.3113e-03 2.2936e-03 2.3102e-03 2.3057e-03 2.3780e-03
2.3747e-03 2.2677e-03 2.2548e-03 2.2534e-03 2.2605e-03 2.2836e-03 2.3081e-03 2.2847e-03 2.3172e-03 2.3547e-03
2.3729e-03 2.2852e-03 2.2557e-03 2.2560e-03 2.2844e-03 2.2688e-03 2.3100e-03 2.2657e-03 2.2840e-03 2.3286e-03
2.3339e-03 2.2669e-03 2.2408e-03 2.2473e-03 2.2545e-03 2.2830e-03 2.3006e-03 2.3040e-03 2.2649e-03 2.3304e-03
2.3631e-03 2.2785e-03 2.2570e-03 2.2699e-03 2.2406e-03 2.2686e-03 2.2773e-03 2.2608e-03 2.2347e-03 2.3247e-03
2.3510e-03 2.2757e-03 2.2545e-03 2.2528e-03 2.2475e-03 2.2720e-03 2.2753e-03 2.2846e-03 2.2635e-03 2.3550e-03
2.3438e-03 2.2759e-03 2.3031e-03 2.2899e-03 2.2510e-03 2.2830e-03 2.2830e-03 2.2740e-03 2.2477e-03 2.3270e-03
2.3941e-03 2.3206e-03 2.3186e-03 2.2771e-03 2.2505e-03 2.2552e-03 2.2753e-03 2.2831e-03 2.2967e-03 2.3556e-03
2.4574e-03 2.3884e-03 2.3728e-03 2.3564e-03 2.3475e-03 2.3511e-03 2.3565e-03 2.2841e-03 2.3424e-03 2.4496e-03
Time Step 9
2.4616e-03 2.3589e-03 2.3764e-03 2.3710e-03 2.3497e-03 2.3702e-03 2.3364e-03 2.3507e-03 2.3877e-03 2.4826e-03
2.3734e-03 2.2715e-03 2.2878e-03 2.3013e-03 2.2973e-03 2.3274e-03 2.2848e-03 2.2717e-03 2.3488e-03 2.4114e-03
2.3208e-03 2.2612e-03 2.2976e-03 2.3012e-03 2.2818e-03 2.2882e-03 2.2845e-03 2.2877e-03 2.2903e-03 2.3564e-03
2.3716e-03 2.2572e-03 2.2367e-03 2.2765e-03 2.2912e-03 2.2839e-03 2.2863e-03 2.2795e-03 2.2510e-03 2.3270e-03
2.3515e-03 2.2873e-03 2.2393e-03 2.2544e-03 2.2800e-03 2.2567e-03 2.2598e-03 2.2914e-03 2.2598e-03 2.3649e-03
2.3387e-03 2.2862e-03 2.2515e-03 2.2341e-03 2.2638e-03 2.2762e-03 2.2749e-03 2.2803e-03 2.2679e-03 2.3379e-03
2.3319e-03 2.2869e-03 2.2822e-03 2.2489e-03 2.2541e-03 2.2612e-03 2.2626e-03 2.2553e-03 2.3012e-03 2.3700e-03
2.3538e-03 2.2659e-03 2.2623e-03 2.2765e-03 2.2719e-03 2.2788e-03 2.2923e-03 2.2521e-03 2.2655e-03 2.3215e-03
2.4044e-03 2.3350e-03 2.2914e-03 2.3133e-03 2.3026e-03 2.2758e-03 2.2722e-03 2.2811e-03 2.3276e-03 2.3800e-03
2.4486e-03 2.3770e-03 2.3878e-03 2.3729e-03 2.3709e-03 2.3228e-03 2.3373e-03 2.3446e-03 2.3590e-03 2.4419e-03
Time Step 10
2.4860e-03 2.3905e-03 2.3591e-03 2.3743e-03 2.3551e-03 2.3774e-03 2.3494e-03 2.3533e-03 2.3807e-03 2.4637e-03
2.3411e-03 2.3221e-03 2.3198e-03 2.2940e-03 2.2740e-03 2.2923e-03 2.2787e-03 2.3093e-03 2.3583e-03 2.3923e-03
2.2965e-03 2.2884e-03 2.2916e-03 2.2893e-03 2.2646e-03 2.2853e-03 2.2782e-03 2.2774e-03 2.2922e-03 2.3612e-03
2.3212e-03 2.2775e-03 2.2788e-03 2.2887e-03 2.2613e-03 2.2479e-03 2.2517e-03 2.2754e-03 2.2662e-03 2.3550e-03
2.3513e-03 2.3135e-03 2.2827e-03 2.2767e-03 2.2702e-03 2.2496e-03 2.2619e-03 2.2821e-03 2.2660e-03 2.3277e-03
2.3367e-03 2.2747e-03 2.2791e-03 2.2659e-03 2.2808e-03 2.2824e-03 2.2774e-03 2.2824e-03 2.2792e-03 2.3476e-03
2.3582e-03 2.2891e-03 2.2842e-03 2.2757e-03 2.2688e-03 2.2769e-03 2.2817e-03 2.2887e-03 2.2981e-03 2.3881e-03
2.3787e-03 2.3015e-03 2.2830e-03 2.2718e-03 2.2837e-03 2.2964e-03 2.2956e-03 2.2970e-03 2.3091e-03 2.3696e-03
2.4094e-03 2.2988e-03 2.2812e-03 2.2851e-03 2.2873e-03 2.2874e-03 2.2856e-03 2.2897e-03 2.2823e-03 2.3609e-03
2.4497e-03 2.3782e-03 2.3726e-03 2.3590e-03 2.3432e-03 2.3672e-03 2.3724e-03 2.3710e-03 2.3864e-03 2.4789e-03
Time Step 11
2.4092e-03 2.3201e-03 2.3107e-03 2.3409e-03 2.3736e-03 2.3286e-03 2.3443e-03 2.3350e-03 2.4062e-03 2.5193e-03
2.3701e-03 2.2902e-03 2.3081e-03 2.3120e-03 2.2984e-03 2.2452e-03 2.2406e-03 2.2591e-03 2.3079e-03 2.3715e-03
2.3501e-03 2.2880e-03 2.3075e-03 2.2882e-03 2.2857e-03 2.3009e-03 2.2710e-03 2.2727e-03 2.3068e-03 2.3839e-03
2.3659e-03 2.2848e-03 2.2996e-03 2.2892e-03 2.2912e-03 2.2949e-03 2.2805e-03 2.2897e-03 2.2833e-03 2.3593e-03
2.3555e-03 2.2779e-03 2.2639e-03 2.2756e-03 2.2721e-03 2.3008e-03 2.2801e-03 2.2665e-03 2.2564e-03 2.3246e-03
2.3175e-03 2.2714e-03 2.2471e-03 2.2788e-03 2.2756e-03 2.2809e-03 2.2829e-03 2.2892e-03 2.3024e-03 2.3300e-03
2.3441e-03 2.2661e-03 2.2586e-03 2.2486e-03 2.2791e-03 2.2767e-03 2.2711e-03 2.2543e-03 2.2796e-03 2.3585e-03
2.3788e-03 2.3106e-03 2.2868e-03 2.2927e-03 2.2822e-03 2.2550e-03 2.2591e-03 2.2548e-03 2.2843e-03 2.3784e-03
2.4022e-03 2.3080e-03 2.2758e-03 2.2781e-03 2.2870e-03 2.2828e-03 2.2768e-03 2.2745e-03 2.3089e-03 2.4102e-03
2.4713e-03 2.3424e-03 2.3610e-03 2.3620e-03 2.3382e-03 2.3397e-03 2.3472e-03 2.3660e-03 2.4020e-03 2.4720e-03
Time Step 12
2.4791e-03 2.3929e-03 2.3993e-03 2.3582e-03 2.3313e-03 2.3456e-03 2.3804e-03 2.3551e-03 2.4094e-03 2.4423e-03
2.3921e-03 2.3024e-03 2.3176e-03 2.3197e-03 2.2827e-03 2.2777e-03 2.3056e-03 2.2841e-03 2.3035e-03 2.3782e-03
2.3734e-03 2.3160e-03 2.2897e-03 2.2813e-03 2.2950e-03 2.3022e-03 2.2838e-03 2.2862e-03 2.3137e-03 2.3768e-03
2.3380e-03 2.2550e-03 2.2635e-03 2.2561e-03 2.2693e-03 2.2877e-03 2.2788e-03 2.2737e-03 2.2969e-03 2.3396e-03
2.3590e-03 2.2724e-03 2.2744e-03 2.2445e-03 2.2639e-03 2.2794e-03 2.2885e-03 2.2709e-03 2.2980e-03 2.3371e-03
2.3619e-03 2.3195e-03 2.3007e-03 2.2812e-03 2.2715e-03 2.2676e-03 2.2851e-03 2.2886e-03 2.2919e-03 2.3460e-03
2.3669e-03 2.3436e-03 2.2787e-03 2.2877e-03 2.2647e-03 2.2598e-03 2.2678e-03 2.2699e-03 2.3113e-03 2.3473e-03
2.3555e-03 2.3169e-03 2.2818e-03 2.2801e-03 2.2846e-03 2.2796e-03 2.2646e-03 2.2946e-03 2.2994e-03 2.3536e-03
2.3628e-03 2.2939e-03 2.2767e-03 2.2786e-03 2.2704e-03 2.2667e-03 2.2594e-03 2.2745e-03 2.2861e-03 2.3499e-03
2.4733e-03 2.3583e-03 2.3396e-03 2.3341e-03 2.3298e-03 2.2993e-03 2.3134e-03 2.3380e-03 2.3755e-03 2.4345e-03
Time Step 13
2.4802e-03 2.3857e-03 2.3477e-03 2.3669e-03 2.3507e-03 2.3411e-03 2.3464e-03 2.3512e-03 2.3861e-03 2.4222e-03
2.4085e-03 2.3080e-03 2.2829e-03 2.3007e-03 2.2819e-03 2.2985e-03 2.2971e-03 2.2770e-03 2.2894e-03 2.3499e-03
2.3853e-03 2.3020e-03 2.2817e-03 2.2305e-03 2.2397e-03 2.2870e-03 2.2721e-03 2.2776e-03 2.2678e-03 2.3352e-03
2.3466e-03 2.2783e-03 2.2716e-03 2.2552e-03 2.2430e-03 2.2487e-03 2.2598e-03 2.2965e-03 2.2563e-03 2.3414e-03
2.3488e-03 2.2711e-03 2.2712e-03 2.2606e-03 2.2690e-03 2.2784e-03 2.2721e-03 2.2855e-03 2.2842e-03 2.3677e-03
2.3691e-03 2.2839e-03 2.2955e-03 2.2568e-03 2.2988e-03 2.2941e-03 2.2804e-03 2.2897e-03 2.3125e-03 2.3620e-03
2.3671e-03 2.2957e-03 2.3243e-03 2.2754e-03 2.2905e-03 2.2667e-03 2.2561e-03 2.2672e-03 2.3226e-03 2.3751e-03
2.3192e-03 2.2700e-03 2.3068e-03 2.2781e-03 2.3030e-03 2.3023e-03 2.3008e-03 2.2711e-03 2.3017e-03 2.3528e-03
2.3571e-03 2.2831e-03 2.2924e-03 2.2849e-03 2.2821e-03 2.2606e-03 2.2714e-03 2.2607e-03 2.3035e-03 2.3885e-03
2.4178e-03 2.3536e-03 2.3801e-03 2.3500e-03 2.3547e-03 2.3599e-03 2.3091e-03 2.3341e-03 2.3728e-03 2.4927e-03
Time Step 14
2.4836e-03 2.3930e-03 2.3673e-03 2.3584e-03 2.3504e-03 2.3580e-03 2.3229e-03 2.3510e-03 2.3648e-03 2.4716e-03
2.3592e-03 2.3000e-03 2.2993e-03 2.2870e-03 2.2799e-03 2.2730e-03 2.2593e-03 2.2795e-03 2.2764e-03 2.3759e-03
2.3375e-03 2.2785e-03 2.2941e-03 2.2432e-03 2.2503e-03 2.2728e-03 2.2731e-03 2.3022e-03 2.2793e-03 2.3630e-03
2.3142e-03 2.2668e-03 2.2880e-03 2.2772e-03 2.2652e-03 2.2800e-03 2.2964e-03 2.3010e-03 2.2919e-03 2.3574e-03
2.3034e-03 2.2477e-03 2.2721e-03 2.2612e-03 2.2813e-03 2.2769e-03 2.2691e-03 2.2829e-03 2.2750e-03 2.3380e-03
2.3332e-03 2.2542e-03 2.2683e-03 2.2482e-03 2.2634e-03 2.2691e-03 2.2575e-03 2.2733e-03 2.2892e-03 2.3586e-03
2.3411e-03 2.2645e-03 2.2821e-03 2.2550e-03 2.2648e-03 2.2709e-03 2.2732e-03 2.2579e-03 2.2791e-03 2.3549e-03
2.3416e-03 2.2544e-03 2.2514e-03 2.2552e-03 2.2783e-03 2.2741e-03 2.2903e-03 2.2721e-03 2.2958e-03 2.3658e-03
2.3604e-03 2.2808e-03 2.3019e-03 2.2769e-03 2.2701e-03 2.2751e-03 2.2862e-03 2.2960e-03 2.3172e-03 2.3677e-03
2.4501e-03 2.3882e-03 2.3509e-03 2.3426e-03 2.3414e-03 2.3315e-03 2.3432e-03 2.3758e-03 2.3670e-03 2.4590e-03
Time Step 15
2.4599e-03 2.3992e-03 2.3435e-03 2.3518e-03 2.3375e-03 2.3346e-03 2.3109e-03 2.3367e-03 2.3854e-03 2.4869e-03
2.3741e-03 2.3107e-03 2.3071e-03 2.2780e-03 2.2704e-03 2.2720e-03 2.3068e-03 2.3152e-03 2.2891e-03 2.3924e-03
2.3747e-03 2.2803e-03 2.2891e-03 2.2759e-03 2.2428e-03 2.2751e-03 2.2767e-03 2.2867e-03 2.2959e-03 2.3555e-03
2.3678e-03 2.2832e-03 2.3111e-03 2.2786e-03 2.2333e-03 2.2564e-03 2.2676e-03 2.2768e-03 2.2998e-03 2.3621e-03
2.3548e-03 2.2584e-03 2.2713e-03 2.2537e-03 2.2741e-03 2.2543e-03 2.2685e-03 2.2869e-03 2.2898e-03 2.3653e-03
2.3558e-03 2.2776e-03 2.2557e-03 2.2483e-03 2.2614e-03 2.2854e-03 2.2802e-03 2.2982e-03 2.3088e-03 2.3599e-03
2.3115e-03 2.2775e-03 2.2415e-03 2.2606e-03 2.2595e-03 2.2712e-03 2.2796e-03 2.2846e-03 2.2991e-03 2.3316e-03
2.3256e-03 2.2672e-03 2.2366e-03 2.2643e-03 2.2650e-03 2.2574e-03 2.2776e-03 2.2778e-03 2.2951e-03 2.3188e-03
2.3887e-03 2.3140e-03 2.2615e-03 2.2612e-03 2.2638e-03 2.2670e-03 2.2972e-03 2.2836e-03 2.3000e-03 2.3696e-03
2.4519e-03 2.3727e-03 2.3626e-03 2.3362e-03 2.3947e-03 2.3849e-03 2.3041e-03 2.3264e-03 2.3642e-03 2.4510e-03
Time Step 16
2.4700e-03 2.3867e-03 2.3880e-03 2.3617e-03 2.3617e-03 2.3500e-03 2.3460e-03 2.3537e-03 2.4067e-03 2.4412e-03
2.3819e-03 2.3019e-03 2.3124e-03 2.2974e-03 2.2717e-03 2.2651e-03 2.2833e-03 2.2588e-03 2.2918e-03 2.3970e-03
2.3622e-03 2.2954e-03 2.2816e-03 2.2962e-03 2.2693e-03 2.2635e-03 2.2943e-03 2.2784e-03 2.2835e-03 2.3421e-03
2.3467e-03 2.2840e-03 2.2795e-03 2.2865e-03 2.2792e-03 2.2413e-03 2.2471e-03 2.2711e-03 2.2921e-03 2.3549e-03
2.3456e-03 2.2838e-03 2.2775e-03 2.2592e-03 2.2623e-03 2.2573e-03 2.2547e-03 2.2537e-03 2.2711e-03 2.3321e-03
2.3492e-03 2.2761e-03 2.2785e-03 2.2541e-03 2.2874e-03 2.2698e-03 2.2782e-03 2.2503e-03 2.2889e-03 2.3570e-03
2.3379e-03 2.2507e-03 2.2625e-03 2.2702e-03 2.2825e-03 2.2672e-03 2.2595e-03 2.2719e-03 2.3051e-03 2.3751e-03
2.3014e-03 2.2479e-03 2.2637e-03 2.2690e-03 2.2645e-03 2.2534e-03 2.2393e-03 2.2892e-03 2.3076e-03 2.4125e-03
2.3633e-03 2.2526e-03 2.2785e-03 2.2836e-03 2.2912e-03 2.2858e-03 2.2587e-03 2.2846e-03 2.3109e-03 2.3816e-03
2.4527e-03 2.3645e-03 2.3531e-03 2.3532e-03 2.3619e-03 2.3459e-03 2.3045e-03 2.3079e-03 2.3820e-03 2.4560e-03
Time Step 17
2.4682e-03 2.3752e-03 2.3455e-03 2.3473e-03 2.3599e-03 2.3232e-03 2.3656e-03 2.3617e-03 2.3631e-03 2.4397e-03
2.3630e-03 2.3069e-03 2.2890e-03 2.2783e-03 2.2853e-03 2.2909e-03 2.2890e-03 2.2811e-03 2.2780e-03 2.3700e-03
2.3478e-03 2.2986e-03 2.2895e-03 2.2698e-03 2.2749e-03 2.2756e-03 2.2656e-03 2.2564e-03 2.2774e-03 2.3250e-03
2.3311e-03 2.2853e-03 2.2701e-03 2.2638e-03 2.2527e-03 2.2714e-03 2.2892e-03 2.2794e-03 2.2754e-03 2.3478e-03
2.3207e-03 2.2556e-03 2.2545e-03 2.2629e-03 2.2697e-03 2.2656e-03 2.2544e-03 2.2529e-03 2.2781e-03 2.3313e-03
2.3525e-03 2.2503e-03 2.2553e-03 2.2457e-03 2.2746e-03 2.2589e-03 2.2607e-03 2.2515e-03 2.2481e-03 2.3015e-03
2.3309e-03 2.2257e-03 2.2338e-03 2.2814e-03 2.2905e-03 2.2312e-03 2.2790e-03 2.2752e-03 2.2668e-03 2.3661e-03
2.3144e-03 2.2399e-03 2.2571e-03 2.3002e-03 2.2717e-03 2.2776e-03 2.2616e-03 2.2668e-03 2.2706e-03 2.3724e-03
2.3382e-03 2.2794e-03 2.2906e-03 2.3042e-03 2.2834e-03 2.2911e-03 2.2668e-03 2.2739e-03 2.2871e-03 2.4076e-03
2.4421e-03 2.3621e-03 2.3612e-03 2.3631e-03 2.3592e-03 2.3787e-03 2.3586e-03 2.3570e-03 2.3826e-03 2.4562e-03
Time Step 18
2.4011e-03 2.3296e-03 2.3048e-03 2.3463e-03 2.3398e-03 2.3463e-03 2.3589e-03 2.3493e-03 2.3769e-03 2.4693e-03
2.4020e-03 2.3154e-03 2.2866e-03 2.2518e-03 2.2529e-03 2.2547e-03 2.2842e-03 2.2907e-03 2.2987e-03 2.3840e-03
2.3552e-03 2.2841e-03 2.2889e-03 2.2933e-03 2.2775e-03 2.2724e-03 2.2694e-03 2.2658e-03 2.2558e-03 2.3712e-03
2.3143e-03 2.2876e-03 2.2936e-03 2.3117e-03 2.2761e-03 2.2465e-03 2.2502e-03 2.2704e-03 2.3232e-03 2.3796e-03
2.3188e-03 2.2767e-03 2.2777e-03 2.2527e-03 2.2548e-03 2.2373e-03 2.2454e-03 2.2319e-03 2.2937e-03 2.3812e-03
2.3269e-03 2.2468e-03 2.2750e-03 2.2550e-03 2.2502e-03 2.2591e-03 2.2728e-03 2.2937e-03 2.2982e-03 2.3412e-03
2.3701e-03 2.3040e-03 2.3056e-03 2.2705e-03 2.2806e-03 2.2852e-03 2.2712e-03 2.2735e-03 2.2733e-03 2.3226e-03
2.3887e-03 2.2892e-03 2.3131e-03 2.2446e-03 2.2651e-03 2.2471e-03 2.2771e-03 2.2764e-03 2.3019e-03 2.3339e-03
2.3934e-03 2.2994e-03 2.2758e-03 2.2889e-03 2.2805e-03 2.2564e-03 2.2614e-03 2.2673e-03 2.3513e-03 2.3810e-03
2.4604e-03 2.3966e-03 2.3634e-03 2.3118e-03 2.3211e-03 2.3214e-03 2.3347e-03 2.3462e-03 2.3947e-03 2.4805e-03
Time Step 19
2.4823e-03 2.3817e-03 2.3397e-03 2.3678e-03 2.3646e-03 2.3434e-03 2.3443e-03 2.3742e-03 2.3880e-03 2.4953e-03
2.3784e-03 2.3085e-03 2.3116e-03 2.2807e-03 2.2571e-03 2.2832e-03 2.2933e-03 2.3284e-03 2.2922e-03 2.3433e-03
2.3693e-03 2.3003e-03 2.2822e-03 2.2542e-03 2.2881e-03 2.3127e-03 2.2935e-03 2.2859e-03 2.2817e-03 2.3714e-03
2.3801e-03 2.3045e-03 2.3036e-03 2.2815e-03 2.2744e-03 2.2830e-03 2.2883e-03 2.2790e-03 2.3004e-03 2.3759e-03
2.3707e-03 2.2630e-03 2.2710e-03 2.2713e-03 2.2804e-03 2.2883e-03 2.2669e-03 2.2598e-03 2.3191e-03 2.3804e-03
2.3352e-03 2.2509e-03 2.2551e-03 2.2379e-03 2.2652e-03 2.2833e-03 2.2781e-03 2.3114e-03 2.3082e-03 2.3342e-03
2.3491e-03 2.2593e-03 2.2837e-03 2.2475e-03 2.2404e-03 2.2826e-03 2.2807e-03 2.3083e-03 2.2884e-03 2.3272e-03
2.3449e-03 2.2811e-03 2.2817e-03 2.2577e-03 2.2476e-03 2.2766e-03 2.2596e-03 2.2311e-03 2.2496e-03 2.3450e-03
2.3488e-03 2.2706e-03 2.2503e-03 2.2597e-03 2.2725e-03 2.2968e-03 2.2923e-03 2.2689e-03 2.3294e-03 2.3677e-03
2.4713e-03 2.3643e-03 2.3433e-03 2.3365e-03 2.3313e-03 2.3538e-03 2.3630e-03 2.3550e-03 2.3910e-03 2.4169e-03
Time Step 20
2.5118e-03 2.3609e-03 2.3401e-03 2.3749e-03 2.3728e-03 2.3674e-03 2.3495e-03 2.3711e-03 2.4367e-03 2.4960e-03
2.3949e-03 2.3158e-03 2.2968e-03 2.2905e-03 2.3116e-03 2.3218e-03 2.2884e-03 2.2764e-03 2.3264e-03 2.3728e-03
2.3506e-03 2.2617e-03 2.2686e-03 2.2678e-03 2.2702e-03 2.2595e-03 2.2661e-03 2.2809e-03 2.3173e-03 2.3506e-03
2.3803e-03 2.2714e-03 2.2407e-03 2.2801e-03 2.2662e-03 2.2533e-03 2.2685e-03 2.3003e-03 2.2911e-03 2.3579e-03
2.3670e-03 2.3117e-03 2.2570e-03 2.2710e-03 2.2677e-03 2.2770e-03 2.2606e-03 2.2762e-03 2.2971e-03 2.3373e-03
2.3416e-03 2.3306e-03 2.2637e-03 2.2533e-03 2.2427e-03 2.2532e-03 2.2630e-03 2.2602e-03 2.2699e-03 2.3482e-03
2.3659e-03 2.3161e-03 2.2891e-03 2.2852e-03 2.2527e-03 2.2496e-03 2.2491e-03 2.2767e-03 2.2865e-03 2.3067e-03
2.3378e-03 2.2799e-03 2.2828e-03 2.3142e-03 2.2978e-03 2.2735e-03 2.2707e-03 2.2572e-03 2.2703e-03 2.3255e-03
2.3696e-03 2.2799e-03 2.2812e-03 2.2982e-03 2.3202e-03 2.3322e-03 2.2769e-03 2.2665e-03 2.3186e-03 2.3809e-03
2.3785e-03 2.3211e-03 2.3272e-03 2.3330e-03 2.3811e-03 2.3844e-03 2.3683e-03 2.3461e-03 2.3326e-03 2.4444e-03
Time Step 21
2.5002e-03 2.3709e-03 2.3718e-03 2.3338e-03 2.3543e-03 2.3417e-03 2.3630e-03 2.3250e-03 2.3965e-03 2.4886e-03
2.3534e-03 2.2598e-03 2.2866e-03 2.2856e-03 2.2962e-03 2.3060e-03 2.2668e-03 2.2747e-03 2.3008e-03 2.3778e-03
2.3213e-03 2.2749e-03 2.2569e-03 2.2761e-03 2.2562e-03 2.2778e-03 2.2837e-03 2.3040e-03 2.2949e-03 2.3513e-03
2.3469e-03 2.2840e-03 2.2627e-03 2.2807e-03 2.2497e-03 2.2463e-03 2.2581e-03 2.2517e-03 2.2406e-03 2.3447e-03
2.3572e-03 2.2829e-03 2.2456e-03 2.2581e-03 2.2624e-03 2.2720e-03 2.2829e-03 2.2518e-03 2.2629e-03 2.3360e-03
2.3713e-03 2.2721e-03 2.2651e-03 2.2621e-03 2.2489e-03 2.2492e-03 2.2589e-03 2.2601e-03 2.2682e-03 2.3185e-03
2.3805e-03 2.2801e-03 2.2757e-03 2.2757e-03 2.2657e-03 2.2690e-03 2.2845e-03 2.2885e-03 2.2748e-03 2.3378e-03
2.3482e-03 2.2787e-03 2.2783e-03 2.2532e-03 2.2659e-03 2.2666e-03 2.2565e-03 2.2680e-03 2.2974e-03 2.3367e-03
2.3685e-03 2.2956e-03 2.2510e-03 2.2605e-03 2.2960e-03 2.3073e-03 2.2804e-03 2.2646e-03 2.2836e-03 2.3558e-03
2.4611e-03 2.3913e-03 2.3639e-03 2.3665e-03 2.3412e-03 2.3805e-03 2.3649e-03 2.3715e-03 2.3919e-03 2.4570e-03
Time Step 22
2.4318e-03 2.3409e-03 2.3281e-03 2.3477e-03 2.3473e-03 2.3456e-03 2.3585e-03 2.3518e-03 2.3779e-03 2.4958e-03
2.3808e-03 2.2888e-03 2.2866e-03 2.2867e-03 2.2526e-03 2.2792e-03 2.2593e-03 2.2782e-03 2.3036e-03 2.3730e-03
2.3370e-03 2.2822e-03 2.2771e-03 2.2978e-03 2.2816e-03 2.2737e-03 2.2631e-03 2.2653e-03 2.3022e-03 2.4035e-03
2.3576e-03 2.2677e-03 2.2773e-03 2.2962e-03 2.2741e-03 2.2772e-03 2.2821e-03 2.2756e-03 2.2950e-03 2.3679e-03
2.3645e-03 2.2813e-03 2.2603e-03 2.2599e-03 2.2720e-03 2.2771e-03 2.2545e-03 2.2586e-03 2.2862e-03 2.3584e-03
2.3485e-03 2.2882e-03 2.2712e-03 2.2825e-03 2.2835e-03 2.2685e-03 2.2587e-03 2.2630e-03 2.2674e-03 2.3378e-03
2.3157e-03 2.2640e-03 2.2549e-03 2.2873e-03 2.2773e-03 2.2747e-03 2.2533e-03 2.2590e-03 2.2781e-03 2.3226e-03
2.3066e-03 2.2576e-03 2.2758e-03 2.2940e-03 2.2758e-03 2.2853e-03 2.2477e-03 2.2049e-03 2.2455e-03 2.3448e-03
2.3577e-03 2.3015e-03 2.2880e-03 2.3183e-03 2.3116e-03 2.2692e-03 2.2724e-03 2.2573e-03 2.2671e-03 2.3385e-03
2.4473e-03 2.3944e-03 2.3625e-03 2.3884e-03 2.3566e-03 2.3350e-03 2.3423e-03 2.3164e-03 2.3688e-03 2.4613e-03
Time Step 23
2.4699e-03 2.4108e-03 2.3480e-03 2.3276e-03 2.3477e-03 2.3285e-03 2.3156e-03 2.3483e-03 2.3544e-03 2.4748e-03
2.3640e-03 2.3001e-03 2.2690e-03 2.2879e-03 2.2917e-03 2.2681e-03 2.3034e-03 2.2733e-03 2.2822e-03 2.3619e-03
2.3854e-03 2.3108e-03 2.3005e-03 2.2942e-03 2.2778e-03 2.2892e-03 2.2767e-03 2.2621e-03 2.2910e-03 2.3678e-03
2.3621e-03 2.2817e-03 2.2909e-03 2.2892e-03 2.2729e-03 2.2837e-03 2.2894e-03 2.2733e-03 2.2830e-03 2.3325e-03
2.3465e-03 2.2672e-03 2.3070e-03 2.2751e-03 2.2679e-03 2.2896e-03 2.2713e-03 2.2227e-03 2.2607e-03 2.3236e-03
2.3604e-03 2.2810e-03 2.2804e-03 2.2630e-03 2.2538e-03 2.2808e-03 2.2653e-03 2.2634e-03 2.2855e-03 2.3462e-03
2.3397e-03 2.2603e-03 2.2181e-03 2.2498e-03 2.2429e-03 2.2581e-03 2.2587e-03 2.2751e-03 2.3026e-03 2.3622e-03
2.3729e-03 2.2692e-03 2.2538e-03 2.2693e-03 2.2654e-03 2.2671e-03 2.2763e-03 2.2433e-03 2.2825e-03 2.3697e-03
2.3674e-03 2.2637e-03 2.2887e-03 2.2984e-03 2.2979e-03 2.2738e-03 2.2790e-03 2.2915e-03 2.3321e-03 2.3898e-03
2.4353e-03 2.3347e-03 2.3650e-03 2.3496e-03 2.3536e-03 2.3430e-03 2.3250e-03 2.3628e-03 2.3877e-03 2.4720e-03
Time Step 24
2.4670e-03 2.3870e-03 2.3572e-03 2.3426e-03 2.3211e-03 2.3215e-03 2.3330e-03 2.3583e-03 2.3790e-03 2.4707e-03
2.3630e-03 2.2711e-03 2.2812e-03 2.2545e-03 2.2602e-03 2.2822e-03 2.2845e-03 2.2961e-03 2.2868e-03 2.3782e-03
2.3267e-03 2.2493e-03 2.2838e-03 2.2595e-03 2.2708e-03 2.2891e-03 2.3009e-03 2.2955e-03 2.2882e-03 2.3400e-03
2.3291e-03 2.2580e-03 2.2852e-03 2.2697e-03 2.2767e-03 2.2724e-03 2.2892e-03 2.2821e-03 2.2732e-03 2.3503e-03
2.3178e-03 2.2679e-03 2.2838e-03 2.2732e-03 2.2826e-03 2.2845e-03 2.2844e-03 2.3075e-03 2.2726e-03 2.3641e-03
2.3237e-03 2.2826e-03 2.2762e-03 2.2886e-03 2.3017e-03 2.2950e-03 2.2821e-03 2.2974e-03 2.2856e-03 2.3540e-03
2.3444e-03 2.2744e-03 2.2708e-03 2.2695e-03 2.2769e-03 2.2809e-03 2.2820e-03 2.2783e-03 2.2685e-03 2.3301e-03
2.3721e-03 2.2814e-03 2.2912e-03 2.2737e-03 2.2976e-03 2.2728e-03 2.2895e-03 2.2544e-03 2.2767e-03 2.3326e-03
2.3649e-03 2.2657e-03 2.2647e-03 2.2841e-03 2.2919e-03 2.3093e-03 2.3024e-03 2.2751e-03 2.2950e-03 2.3421e-03
2.4642e-03 2.3385e-03 2.3457e-03 2.3457e-03 2.3444e-03 2.3753e-03 2.3594e-03 2.3901e-03 2.3517e-03 2.4292e-03
Time Step 25
2.4341e-03 2.3228e-03 2.3597e-03 2.3658e-03 2.3053e-03 2.3507e-03 2.3739e-03 2.3725e-03 2.3904e-03 2.4498e-03
2.4055e-03 2.2947e-03 2.2855e-03 2.2613e-03 2.2718e-03 2.2645e-03 2.2904e-03 2.2867e-03 2.2877e-03 2.3428e-03
2.3434e-03 2.2954e-03 2.3056e-03 2.2698e-03 2.2921e-03 2.2745e-03 2.2824e-03 2.2771e-03 2.2834e-03 2.3279e-03
2.3477e-03 2.2930e-03 2.2922e-03 2.2944e-03 2.3103e-03 2.3016e-03 2.3093e-03 2.3076e-03 2.2716e-03 2.3185e-03
2.3415e-03 2.2676e-03 2.2882e-03 2.2932e-03 2.3024e-03 2.3125e-03 2.2830e-03 2.2872e-03 2.3101e-03 2.3440e-03
2.3364e-03 2.2821e-03 2.2746e-03 2.2698e-03 2.2724e-03 2.2860e-03 2.2950e-03 2.2923e-03 2.2910e-03 2.3313e-03
2.3468e-03 2.2776e-03 2.2834e-03 2.2675e-03 2.2766e-03 2.2770e-03 2.2730e-03 2.2878e-03 2.2719e-03 2.3497e-03
2.3566e-03 2.2872e-03 2.3129e-03 2.2839e-03 2.2740e-03 2.3040e-03 2.2777e-03 2.2835e-03 2.2740e-03 2.3134e-03
2.3441e-03 2.3150e-03 2.2989e-03 2.3161e-03 2.2703e-03 2.2782e-03 2.2761e-03 2.3134e-03 2.3267e-03 2.3635e-03
2.4667e-03 2.3862e-03 2.3815e-03 2.3698e-03 2.3670e-03 2.3317e-03 2.3491e-03 2.3610e-03 2.3869e-03 2.4717e-03
Time Step 26
2.4489e-03 2.3616e-03 2.3806e-03 2.3706e-03 2.3530e-03 2.3496e-03 2.3488e-03 2.3739e-03 2.4106e-03 2.4767e-03
2.3875e-03 2.3114e-03 2.3061e-03 2.2646e-03 2.2681e-03 2.2848e-03 2.2975e-03 2.3194e-03 2.3569e-03 2.3957e-03
2.3752e-03 2.3165e-03 2.2858e-03 2.2732e-03 2.2797e-03 2.2927e-03 2.3155e-03 2.3110e-03 2.3222e-03 2.3335e-03
2.3756e-03 2.2993e-03 2.3254e-03 2.2886e-03 2.2762e-03 2.2710e-03 2.2845e-03 2.2929e-03 2.3062e-03 2.3795e-03
2.3676e-03 2.2820e-03 2.2891e-03 2.2706e-03 2.2868e-03 2.2933e-03 2.2630e-03 2.2644e-03 2.2719e-03 2.3544e-03
2.3363e-03 2.2695e-03 2.2573e-03 2.2480e-03 2.2379e-03 2.2702e-03 2.2573e-03 2.2819e-03 2.2805e-03 2.3171e-03
2.3407e-03 2.2409e-03 2.2535e-03 2.2578e-03 2.2579e-03 2.2703e-03 2.2847e-03 2.3081e-03 2.2701e-03 2.3593e-03
2.3536e-03 2.2687e-03 2.2657e-03 2.2831e-03 2.2829e-03 2.2817e-03 2.2914e-03 2.3013e-03 2.2567e-03 2.3352e-03
2.3460e-03 2.2820e-03 2.2849e-03 2.3035e-03 2.2822e-03 2.2945e-03 2.2807e-03 2.2766e-03 2.2646e-03 2.3832e-03
2.4230e-03 2.3747e-03 2.3906e-03 2.3733e-03 2.3313e-03 2.3185e-03 2.3470e-03 2.3570e-03 2.3746e-03 2.4813e-03
Time Step 27
2.4335e-03 2.3450e-03 2.3505e-03 2.3494e-03 2.3273e-03 2.3482e-03 2.3706e-03 2.3491e-03 2.3860e-03 2.4667e-03
2.3806e-03 2.3005e-03 2.2762e-03 2.2671e-03 2.2709e-03 2.2858e-03 2.3167e-03 2.3379e-03 2.3511e-03 2.3753e-03
2.3493e-03 2.2705e-03 2.2435e-03 2.2763e-03 2.2635e-03 2.2801e-03 2.3083e-03 2.3243e-03 2.3222e-03 2.3833e-03
2.3546e-03 2.2745e-03 2.2796e-03 2.3033e-03 2.2785e-03 2.3027e-03 2.3120e-03 2.3293e-03 2.2852e-03 2.3376e-03
2.3459e-03 2.2394e-03 2.2539e-03 2.2556e-03 2.2646e-03 2.2830e-03 2.2894e-03 2.3113e-03 2.2894e-03 2.3587e-03
2.3452e-03 2.2550e-03 2.2741e-03 2.2746e-03 2.2726e-03 2.2715e-03 2.2926e-03 2.2998e-03 2.2951e-03 2.3603e-03
2.3455e-03 2.2724e-03 2.2843e-03 2.2957e-03 2.2682e-03 2.2694e-03 2.2887e-03 2.2723e-03 2.2597e-03 2.3835e-03
2.3170e-03 2.2746e-03 2.2685e-03 2.2765e-03 2.2445e-03 2.2755e-03 2.3151e-03 2.2873e-03 2.2962e-03 2.3682e-03
2.3572e-03 2.3110e-03 2.2600e-03 2.2551e-03 2.2546e-03 2.2722e-03 2.3048e-03 2.2903e-03 2.2943e-03 2.3482e-03
2.4441e-03 2.3939e-03 2.3375e-03 2.3401e-03 2.3163e-03 2.3124e-03 2.3195e-03 2.3322e-03 2.3634e-03 2.4113e-03
Time Step 28
2.4191e-03 2.3780e-03 2.4055e-03 2.3432e-03 2.3619e-03 2.3623e-03 2.3561e-03 2.3868e-03 2.3412e-03 2.5028e-03
2.3825e-03 2.2633e-03 2.2873e-03 2.2912e-03 2.2625e-03 2.2919e-03 2.2970e-03 2.3129e-03 2.2996e-03 2.3888e-03
2.3769e-03 2.2932e-03 2.2945e-03 2.3295e-03 2.2853e-03 2.2588e-03 2.2590e-03 2.2730e-03 2.3049e-03 2.3727e-03
2.3548e-03 2.2715e-03 2.2652e-03 2.2993e-03 2.2873e-03 2.2838e-03 2.2546e-03 2.2762e-03 2.2963e-03 2.3599e-03
2.3565e-03 2.2797e-03 2.2739e-03 2.2740e-03 2.2905e-03 2.2897e-03 2.2490e-03 2.2820e-03 2.2644e-03 2.3659e-03
2.3545e-03 2.2799e-03 2.2550e-03 2.2861e-03 2.2925e-03 2.2531e-03 2.2657e-03 2.2788e-03 2.2703e-03 2.2957e-03
2.3461e-03 2.2809e-03 2.2949e-03 2.2732e-03 2.2537e-03 2.2524e-03 2.2854e-03 2.2609e-03 2.2612e-03 2.3466e-03
2.3473e-03 2.3003e-03 2.2648e-03 2.2609e-03 2.2760e-03 2.2986e-03 2.3099e-03 2.2633e-03 2.2808e-03 2.3131e-03
2.3963e-03 2.3082e-03 2.2695e-03 2.2763e-03 2.2502e-03 2.2771e-03 2.2766e-03 2.2950e-03 2.3245e-03 2.3542e-03
2.4476e-03 2.3705e-03 2.3094e-03 2.3371e-03 2.3400e-03 2.3498e-03 2.3547e-03 2.3648e-03 2.3839e-03 2.4572e-03
Time Step 29
2.4462e-03 2.3935e-03 2.3851e-03 2.3482e-03 2.3461e-03 2.3404e-03 2.3059e-03 2.3440e-03 2.3550e-03 2.4389e-03
2.3864e-03 2.3149e-03 2.3098e-03 2.2740e-03 2.3090e-03 2.2745e-03 2.2536e-03 2.2579e-03 2.3009e-03 2.3868e-03
2.3894e-03 2.3228e-03 2.2977e-03 2.2908e-03 2.3030e-03 2.2812e-03 2.2950e-03 2.2721e-03 2.2864e-03 2.3572e-03
2.3746e-03 2.2977e-03 2.2940e-03 2.2967e-03 2.2655e-03 2.2630e-03 2.2780e-03 2.2707e-03 2.2770e-03 2.3622e-03
2.3533e-03 2.2639e-03 2.2936e-03 2.2651e-03 2.2779e-03 2.3060e-03 2.2934e-03 2.2653e-03 2.2626e-03 2.3537e-03
2.3551e-03 2.2956e-03 2.2989e-03 2.3006e-03 2.2800e-03 2.2654e-03 2.2973e-03 2.2760e-03 2.2579e-03 2.3843e-03
2.3577e-03 2.2598e-03 2.2680e-03 2.2907e-03 2.2738e-03 2.2823e-03 2.2695e-03 2.2550e-03 2.2524e-03 2.3757e-03
2.3559e-03 2.2690e-03 2.2859e-03 2.2930e-03 2.2736e-03 2.2667e-03 2.2759e-03 2.2806e-03 2.2958e-03 2.3717e-03
2.3547e-03 2.3037e-03 2.2649e-03 2.2876e-03 2.2600e-03 2.2545e-03 2.2509e-03 2.2422e-03 2.2688e-03 2.3970e-03
2.4908e-03 2.3879e-03 2.3323e-03 2.3303e-03 2.3501e-03 2.3240e-03 2.3089e-03 2.3511e-03 2.3876e-03 2.5070e-03
Time Step 30
2.4957e-03 2.3598e-03 2.3487e-03 2.3232e-03 2.3303e-03 2.3145e-03 2.3373e-03 2.3809e-03 2.3751e-03 2.4565e-03
2.3946e-03 2.3048e-03 2.2723e-03 2.2876e-03 2.2897e-03 2.2808e-03 2.2863e-03 2.2970e-03 2.3351e-03 2.4517e-03
2.3270e-03 2.2773e-03 2.2954e-03 2.2791e-03 2.2997e-03 2.2915e-03 2.2768e-03 2.2961e-03 2.3072e-03 2.3818e-03
2.3417e-03 2.3136e-03 2.3134e-03 2.3031e-03 2.2861e-03 2.2859e-03 2.2686e-03 2.2827e-03 2.2950e-03 2.3462e-03
2.3064e-03 2.3099e-03 2.3006e-03 2.2990e-03 2.2836e-03 2.2792e-03 2.2734e-03 2.2577e-03 2.2996e-03 2.3332e-03
2.3363e-03 2.2765e-03 2.2926e-03 2.3174e-03 2.2890e-03 2.2477e-03 2.2761e-03 2.2654e-03 2.2601e-03 2.3313e-03
2.3547e-03 2.2947e-03 2.2924e-03 2.2873e-03 2.2606e-03 2.2728e-03 2.2771e-03 2.2831e-03 2.2942e-03 2.3277e-03
2.3640e-03 2.2913e-03 2.2988e-03 2.2838e-03 2.2641e-03 2.2715e-03 2.2869e-03 2.2701e-03 2.3048e-03 2.3247e-03
2.3924e-03 2.3335e-03 2.3111e-03 2.3035e-03 2.2996e-03 2.2853e-03 2.2806e-03 2.2974e-03 2.3104e-03 2.3694e-03
2.4576e-03 2.3777e-03 2.3752e-03 2.3611e-03 2.3301e-03 2.3133e-03 2.3149e-03 2.3370e-03 2.3853e-03 2.4558e-03
Time Step 31
2.5203e-03 2.4188e-03 2.3643e-03 2.3559e-03 2.3770e-03 2.3399e-03 2.3456e-03 2.3517e-03 2.3570e-03 2.4583e-03
2.3657e-03 2.3199e-03 2.2687e-03 2.2889e-03 2.3190e-03 2.2932e-03 2.2819e-03 2.2572e-03 2.2758e-03 2.3928e-03
2.3285e-03 2.2922e-03 2.2513e-03 2.2565e-03 2.3032e-03 2.2943e-03 2.2930e-03 2.2636e-03 2.2506e-03 2.3356e-03
2.3695e-03 2.3055e-03 2.2729e-03 2.2707e-03 2.2867e-03 2.3049e-03 2.2900e-03 2.2812e-03 2.2823e-03 2.3364e-03
2.3711e-03 2.3179e-03 2.2908e-03 2.2633e-03 2.2807e-03 2.2988e-03 2.2926e-03 2.2865e-03 2.2788e-03 2.3558e-03
2.3632e-03 2.2992e-03 2.2659e-03 2.2908e-03 2.2692e-03 2.2546e-03 2.2698e-03 2.2909e-03 2.2841e-03 2.3630e-03
2.3542e-03 2.2880e-03 2.2559e-03 2.2786e-03 2.2648e-03 2.2577e-03 2.2607e-03 2.2427e-03 2.2933e-03 2.3769e-03
2.3732e-03 2.2965e-03 2.2678e-03 2.2753e-03 2.2616e-03 2.2769e-03 2.2767e-03 2.2400e-03 2.2782e-03 2.3450e-03
2.3766e-03 2.2941e-03 2.2645e-03 2.2665e-03 2.2586e-03 2.2726e-03 2.2613e-03 2.2790e-03 2.2827e-03 2.3989e-03
2.4356e-03 2.3568e-03 2.3671e-03 2.3893e-03 2.3952e-03 2.3561e-03 2.3591e-03 2.3549e-03 2.3816e-03 2.4628e-03
Time Step 32
2.4763e-03 2.3757e-03 2.3617e-03 2.3252e-03 2.3509e-03 2.3720e-03 2.3613e-03 2.3533e-03 2.4002e-03 2.4756e-03
2.3527e-03 2.2811e-03 2.3016e-03 2.2947e-03 2.2695e-03 2.2682e-03 2.2630e-03 2.3250e-03 2.3148e-03 2.3754e-03
2.3274e-03 2.2739e-03 2.3014e-03 2.2675e-03 2.2806e-03 2.2926e-03 2.3215e-03 2.3151e-03 2.2850e-03 2.3497e-03
2.3340e-03 2.2763e-03 2.3011e-03 2.2696e-03 2.2528e-03 2.2788e-03 2.2858e-03 2.2863e-03 2.2840e-03 2.3707e-03
2.3430e-03 2.2829e-03 2.2425e-03 2.2655e-03 2.2625e-03 2.2964e-03 2.2768e-03 2.2868e-03 2.2832e-03 2.3533e-03
2.3345e-03 2.2787e-03 2.2305e-03 2.2527e-03 2.2419e-03 2.2545e-03 2.2709e-03 2.2916e-03 2.3091e-03 2.3381e-03
2.3251e-03 2.2650e-03 2.2605e-03 2.2856e-03 2.2903e-03 2.2759e-03 2.2783e-03 2.2814e-03 2.3010e-03 2.3394e-03
2.3486e-03 2.2696e-03 2.2849e-03 2.2954e-03 2.2797e-03 2.2891e-03 2.2510e-03 2.2665e-03 2.2987e-03 2.3454e-03
2.3418e-03 2.2953e-03 2.2940e-03 2.3206e-03 2.2794e-03 2.2807e-03 2.2500e-03 2.2948e-03 2.3016e-03 2.3491e-03
2.4509e-03 2.3922e-03 2.3539e-03 2.3491e-03 2.3187e-03 2.3485e-03 2.3433e-03 2.3601e-03 2.3942e-03 2.4209e-03
Time Step 33
2.5054e-03 2.3638e-03 2.3446e-03 2.3471e-03 2.3290e-03 2.3396e-03 2.3882e-03 2.3756e-03 2.3752e-03 2.4662e-03
2.3750e-03 2.3263e-03 2.3105e-03 2.2667e-03 2.2663e-03 2.2869e-03 2.2917e-03 2.3232e-03 2.3199e-03 2.4069e-03
2.3371e-03 2.3020e-03 2.2995e-03 2.2604e-03 2.2857e-03 2.2965e-03 2.3064e-03 2.2885e-03 2.2888e-03 2.3571e-03
2.3580e-03 2.2890e-03 2.2664e-03 2.2570e-03 2.2603e-03 2.2469e-03 2.2798e-03 2.2635e-03 2.2962e-03 2.3154e-03
2.3516e-03 2.3117e-03 2.2616e-03 2.2370e-03 2.2433e-03 2.2412e-03 2.2589e-03 2.2446e-03 2.2573e-03 2.3291e-03
2.3013e-03 2.2807e-03 2.2440e-03 2.2536e-03 2.2735e-03 2.2561e-03 2.2509e-03 2.2689e-03 2.2948e-03 2.3263e-03
2.3471e-03 2.2551e-03 2.2474e-03 2.2478e-03 2.2703e-03 2.2754e-03 2.2496e-03 2.2719e-03 2.2887e-03 2.3214e-03
2.3623e-03 2.2888e-03 2.2755e-03 2.2697e-03 2.2605e-03 2.2765e-03 2.2660e-03 2.2625e-03 2.2550e-03 2.3223e-03
2.4156e-03 2.2956e-03 2.2823e-03 2.2558e-03 2.2966e-03 2.2821e-03 2.2730e-03 2.2929e-03 2.3010e-03 2.3512e-03
2.4911e-03 2.3419e-03 2.3343e-03 2.3299e-03 2.3721e-03 2.3475e-03 2.3384e-03 2.3579e-03 2.3775e-03 2.4536e-03
Time Step 34
2.4631e-03 2.3450e-03 2.3603e-03 2.3182e-03 2.3075e-03 2.3657e-03 2.3064e-03 2.3686e-03 2.4208e-03 2.4717e-03
2.3496e-03 2.2517e-03 2.2651e-03 2.2810e-03 2.2944e-03 2.2848e-03 2.2848e-03 2.3155e-03 2.3221e-03 2.4124e-03
2.3545e-03 2.2648e-03 2.2592e-03 2.2764e-03 2.2953e-03 2.2693e-03 2.2934e-03 2.3022e-03 2.3093e-03 2.3591e-03
2.3353e-03 2.2571e-03 2.2606e-03 2.2678e-03 2.2834e-03 2.2674e-03 2.2683e-03 2.2756e-03 2.2615e-03 2.3293e-03
2.3350e-03 2.2688e-03 2.2493e-03 2.2733e-03 2.2884e-03 2.2845e-03 2.2428e-03 2.2472e-03 2.2355e-03 2.3186e-03
2.3232e-03 2.2976e-03 2.2712e-03 2.2855e-03 2.2846e-03 2.2862e-03 2.2488e-03 2.2431e-03 2.2761e-03 2.3384e-03
2.3569e-03 2.2782e-03 2.2397e-03 2.2633e-03 2.2592e-03 2.2583e-03 2.2520e-03 2.2695e-03 2.2841e-03 2.3272e-03
2.3452e-03 2.2902e-03 2.2342e-03 2.2701e-03 2.2693e-03 2.2755e-03 2.2694e-03 2.2758e-03 2.2730e-03 2.3458e-03
2.3766e-03 2.2730e-03 2.2913e-03 2.2717e-03 2.2602e-03 2.2588e-03 2.2533e-03 2.2910e-03 2.2742e-03 2.3565e-03
2.4503e-03 2.3462e-03 2.3455e-03 2.3506e-03 2.3270e-03 2.3058e-03 2.3169e-03 2.3257e-03 2.3424e-03 2.4377e-03
Time Step 35
2.4126e-03 2.3489e-03 2.3299e-03 2.3118e-03 2.3283e-03 2.3508e-03 2.3388e-03 2.3759e-03 2.4057e-03 2.4559e-03
2.3419e-03 2.2685e-03 2.2718e-03 2.2875e-03 2.2680e-03 2.2999e-03 2.3206e-03 2.3127e-03 2.3409e-03 2.3705e-03
2.3480e-03 2.2811e-03 2.2532e-03 2.2819e-03 2.2465e-03 2.2627e-03 2.3007e-03 2.3046e-03 2.3087e-03 2.3513e-03
2.3387e-03 2.2863e-03 2.2594e-03 2.2554e-03 2.2673e-03 2.2442e-03 2.2707e-03 2.2604e-03 2.3089e-03 2.3744e-03
2.3378e-03 2.2864e-03 2.2739e-03 2.2565e-03 2.2635e-03 2.2845e-03 2.2744e-03 2.2688e-03 2.2802e-03 2.3746e-03
2.3352e-03 2.2614e-03 2.2586e-03 2.2370e-03 2.2499e-03 2.2681e-03 2.2930e-03 2.2959e-03 2.3055e-03 2.3999e-03
2.3535e-03 2.2865e-03 2.2847e-03 2.2480e-03 2.2680e-03 2.2853e-03 2.2697e-03 2.2798e-03 2.2850e-03 2.3511e-03
2.3546e-03 2.2885e-03 2.2803e-03 2.2713e-03 2.2882e-03 2.3080e-03 2.2924e-03 2.2789e-03 2.2881e-03 2.3446e-03
2.3988e-03 2.2702e-03 2.2921e-03 2.2732e-03 2.2937e-03 2.2653e-03 2.2789e-03 2.3049e-03 2.2863e-03 2.3682e-03
2.4746e-03 2.3531e-03 2.3604e-03 2.3258e-03 2.3270e-03 2.2856e-03 2.3169e-03 2.3485e-03 2.3970e-03 2.4686e-03
Time Step 36
2.4734e-03 2.3914e-03 2.3400e-03 2.3608e-03 2.3582e-03 2.3348e-03 2.3406e-03 2.3426e-03 2.3760e-03 2.4600e-03
2.4037e-03 2.3193e-03 2.2836e-03 2.2944e-03 2.3036e-03 2.2860e-03 2.2629e-03 2.2930e-03 2.3010e-03 2.3774e-03
2.3505e-03 2.2683e-03 2.2540e-03 2.2642e-03 2.2403e-03 2.2807e-03 2.2794e-03 2.2942e-03 2.2819e-03 2.3647e-03
2.3204e-03 2.2672e-03 2.2528e-03 2.2336e-03 2.2564e-03 2.2880e-03 2.2797e-03 2.2965e-03 2.3101e-03 2.4026e-03
2.3119e-03 2.2504e-03 2.2562e-03 2.2579e-03 2.2757e-03 2.2741e-03 2.2838e-03 2.2889e-03 2.3020e-03 2.3903e-03
2.3009e-03 2.2305e-03 2.2322e-03 2.2604e-03 2.2810e-03 2.2964e-03 2.2981e-03 2.3156e-03 2.2873e-03 2.3471e-03
2.3309e-03 2.2559e-03 2.2487e-03 2.2716e-03 2.2754e-03 2.3121e-03 2.2902e-03 2.2936e-03 2.3389e-03 2.3387e-03
2.3692e-03 2.2802e-03 2.2893e-03 2.2792e-03 2.2867e-03 2.2902e-03 2.2716e-03 2.2899e-03 2.3054e-03 2.3487e-03
2.3835e-03 2.2736e-03 2.3180e-03 2.2809e-03 2.3060e-03 2.2650e-03 2.2733e-03 2.2797e-03 2.3188e-03 2.4210e-03
2.4164e-03 2.3359e-03 2.3592e-03 2.3585e-03 2.3736e-03 2.3619e-03 2.3345e-03 2.3275e-03 2.3571e-03 2.4690e-03
Time Step 37
2.4861e-03 2.3605e-03 2.3504e-03 2.3583e-03 2.3403e-03 2.3578e-03 2.3426e-03 2.3885e-03 2.4083e-03 2.4934e-03
2.3730e-03 2.2965e-03 2.2712e-03 2.3054e-03 2.3019e-03 2.3193e-03 2.2874e-03 2.3124e-03 2.2735e-03 2.4034e-03
2.3232e-03 2.2945e-03 2.2770e-03 2.2582e-03 2.2693e-03 2.2861e-03 2.2896e-03 2.2907e-03 2.2604e-03 2.3290e-03
2.3293e-03 2.2684e-03 2.2559e-03 2.2624e-03 2.2664e-03 2.2844e-03 2.2701e-03 2.2602e-03 2.3064e-03 2.3764e-03
2.3343e-03 2.2814e-03 2.2379e-03 2.2441e-03 2.2714e-03 2.2736e-03 2.2606e-03 2.2695e-03 2.2964e-03 2.3471e-03
2.3239e-03 2.2924e-03 2.2387e-03 2.2744e-03 2.2696e-03 2.2770e-03 2.2494e-03 2.2936e-03 2.2768e-03 2.3524e-03
2.3363e-03 2.3004e-03 2.2646e-03 2.2459e-03 2.2432e-03 2.2801e-03 2.2683e-03 2.2899e-03 2.2909e-03 2.3766e-03
2.3350e-03 2.3081e-03 2.2700e-03 2.2439e-03 2.2494e-03 2.2788e-03 2.3128e-03 2.2830e-03 2.2942e-03 2.3405e-03
2.3575e-03 2.3135e-03 2.2880e-03 2.2891e-03 2.2591e-03 2.2601e-03 2.3086e-03 2.2707e-03 2.3360e-03 2.3836e-03
2.4713e-03 2.3798e-03 2.3507e-03 2.3263e-03 2.3151e-03 2.3373e-03 2.3904e-03 2.3657e-03 2.4138e-03 2.4258e-03
Time Step 38
2.4757e-03 2.4156e-03 2.3913e-03 2.3550e-03 2.3426e-03 2.3369e-03 2.3536e-03 2.3709e-03 2.3790e-03 2.4482e-03
2.3877e-03 2.3115e-03 2.2867e-03 2.2756e-03 2.2802e-03 2.2894e-03 2.3040e-03 2.3027e-03 2.2900e-03 2.3857e-03
2.3236e-03 2.2731e-03 2.2548e-03 2.2609e-03 2.2717e-03 2.2810e-03 2.2610e-03 2.2892e-03 2.2925e-03 2.3647e-03
2.3169e-03 2.2389e-03 2.2584e-03 2.2663e-03 2.2639e-03 2.2596e-03 2.2664e-03 2.2686e-03 2.3125e-03 2.3871e-03
2.3251e-03 2.2585e-03 2.2713e-03 2.2753e-03 2.2703e-03 2.2749e-03 2.2764e-03 2.2744e-03 2.2932e-03 2.3304e-03
2.3704e-03 2.2780e-03 2.2561e-03 2.2812e-03 2.2641e-03 2.2703e-03 2.2777e-03 2.2852e-03 2.3090e-03 2.3294e-03
2.3754e-03 2.2964e-03 2.2600e-03 2.2704e-03 2.2618e-03 2.2849e-03 2.2850e-03 2.2729e-03 2.2968e-03 2.3375e-03
2.3663e-03 2.2875e-03 2.2832e-03 2.2814e-03 2.3005e-03 2.2828e-03 2.2816e-03 2.2714e-03 2.3172e-03 2.3605e-03
2.3794e-03 2.3132e-03 2.2931e-03 2.3059e-03 2.2687e-03 2.2881e-03 2.2849e-03 2.2787e-03 2.2639e-03 2.3695e-03
2.4806e-03 2.4021e-03 2.3845e-03 2.3559e-03 2.3325e-03 2.3366e-03 2.3679e-03 2.3728e-03 2.3424e-03 2.4336e-03
Time Step 39
2.4522e-03 2.3812e-03 2.3457e-03 2.3527e-03 2.3450e-03 2.3593e-03 2.3632e-03 2.3476e-03 2.3563e-03 2.4433e-03
2.3596e-03 2.2998e-03 2.2733e-03 2.2769e-03 2.3007e-03 2.2707e-03 2.2870e-03 2.2777e-03 2.3028e-03 2.4060e-03
2.3645e-03 2.3127e-03 2.2692e-03 2.2608e-03 2.2773e-03 2.2908e-03 2.2807e-03 2.2982e-03 2.3086e-03 2.3566e-03
2.3971e-03 2.3015e-03 2.2682e-03 2.2709e-03 2.3128e-03 2.2704e-03 2.2746e-03 2.3003e-03 2.2903e-03 2.3268e-03
2.3469e-03 2.2860e-03 2.3058e-03 2.3014e-03 2.2640e-03 2.2484e-03 2.2595e-03 2.2907e-03 2.2809e-03 2.3437e-03
2.3444e-03 2.2869e-03 2.3016e-03 2.2719e-03 2.2862e-03 2.2549e-03 2.2821e-03 2.2817e-03 2.2754e-03 2.3325e-03
2.3163e-03 2.2527e-03 2.2725e-03 2.2505e-03 2.2618e-03 2.2698e-03 2.2611e-03 2.2802e-03 2.2901e-03 2.3255e-03
2.3378e-03 2.3300e-03 2.3130e-03 2.2777e-03 2.2892e-03 2.2334e-03 2.2461e-03 2.2845e-03 2.3105e-03 2.3433e-03
2.3587e-03 2.2957e-03 2.2765e-03 2.2759e-03 2.2629e-03 2.2467e-03 2.2689e-03 2.2908e-03 2.3119e-03 2.3636e-03
2.4486e-03 2.3519e-03 2.3789e-03 2.3400e-03 2.3309e-03 2.3222e-03 2.3175e-03 2.3520e-03 2.3816e-03 2.4055e-03
Time Step 40
2.4673e-03 2.3761e-03 2.3795e-03 2.3815e-03 2.3751e-03 2.3625e-03 2.3597e-03 2.3708e-03 2.3407e-03 2.4144e-03
2.3923e-03 2.3231e-03 2.2927e-03 2.2836e-03 2.2734e-03 2.2751e-03 2.3019e-03 2.3050e-03 2.2946e-03 2.3558e-03
2.3700e-03 2.2789e-03 2.2518e-03 2.2716e-03 2.2826e-03 2.2518e-03 2.2525e-03 2.2719e-03 2.2867e-03 2.3612e-03
2.3030e-03 2.2491e-03 2.2547e-03 2.2615e-03 2.2764e-03 2.2746e-03 2.2643e-03 2.2442e-03 2.2662e-03 2.3483e-03
2.3516e-03 2.2679e-03 2.2452e-03 2.3069e-03 2.2707e-03 2.2623e-03 2.2715e-03 2.2609e-03 2.2531e-03 2.3329e-03
2.3624e-03 2.2891e-03 2.2658e-03 2.2989e-03 2.2950e-03 2.2637e-03 2.2741e-03 2.2763e-03 2.2790e-03 2.3338e-03
2.3661e-03 2.3119e-03 2.2742e-03 2.2815e-03 2.2775e-03 2.2757e-03 2.2876e-03 2.3062e-03 2.2961e-03 2.3668e-03
2.3925e-03 2.3085e-03 2.2480e-03 2.2818e-03 2.3095e-03 2.2817e-03 2.2671e-03 2.3026e-03 2.3138e-03 2.3878e-03
2.4295e-03 2.3310e-03 2.3195e-03 2.2757e-03 2.2680e-03 2.2712e-03 2.2873e-03 2.2928e-03 2.3458e-03 2.4059e-03
2.4559e-03 2.3368e-03 2.2995e-03 2.3548e-03 2.3583e-03 2.3164e-03 2.3339e-03 2.3469e-03 2.3792e-03 2.4685e-03
Time Step 41
2.4471e-03 2.3395e-03 2.3310e-03 2.3916e-03 2.3383e-03 2.3326e-03 2.3634e-03 2.3391e-03 2.3679e-03 2.4543e-03
2.3554e-03 2.2777e-03 2.2736e-03 2.3023e-03 2.2719e-03 2.2649e-03 2.2790e-03 2.2828e-03 2.2802e-03 2.3464e-03
2.3651e-03 2.2665e-03 2.2733e-03 2.2764e-03 2.2854e-03 2.2774e-03 2.2680e-03 2.2641e-03 2.2771e-03 2.3629e-03
2.3621e-03 2.2632e-03 2.2828e-03 2.2777e-03 2.2370e-03 2.2666e-03 2.2777e-03 2.2785e-03 2.3094e-03 2.3446e-03
2.3546e-03 2.2850e-03 2.2796e-03 2.2694e-03 2.2746e-03 2.2542e-03 2.2934e-03 2.2881e-03 2.2922e-03 2.3548e-03
2.3647e-03 2.2976e-03 2.2996e-03 2.2730e-03 2.2606e-03 2.2514e-03 2.2875e-03 2.2729e-03 2.2881e-03 2.3671e-03
2.3999e-03 2.2977e-03 2.2624e-03 2.2643e-03 2.2566e-03 2.2552e-03 2.2608e-03 2.2759e-03 2.3043e-03 2.3797e-03
2.3660e-03 2.2689e-03 2.2503e-03 2.2527e-03 2.2791e-03 2.2727e-03 2.2551e-03 2.2690e-03 2.2888e-03 2.3572e-03
2.3826e-03 2.2960e-03 2.3063e-03 2.2920e-03 2.2764e-03 2.2897e-03 2.2947e-03 2.2787e-03 2.3058e-03 2.4055e-03
2.4851e-03 2.3834e-03 2.3815e-03 2.3623e-03 2.3794e-03 2.3727e-03 2.3641e-03 2.3071e-03 2.3260e-03 2.5020e-03
Time Step 42
2.4087e-03 2.3491e-03 2.3463e-03 2.3579e-03 2.3236e-03 2.3376e-03 2.3293e-03 2.3495e-03 2.3527e-03 2.4313e-03
2.3490e-03 2.2796e-03 2.2729e-03 2.3036e-03 2.2546e-03 2.2792e-03 2.2594e-03 2.2927e-03 2.2856e-03 2.3642e-03
2.3551e-03 2.2663e-03 2.2766e-03 2.2666e-03 2.2542e-03 2.2417e-03 2.2411e-03 2.2538e-03 2.3208e-03 2.3499e-03
2.3313e-03 2.2843e-03 2.2883e-03 2.2575e-03 2.2554e-03 2.2619e-03 2.2333e-03 2.2609e-03 2.2957e-03 2.3431e-03
2.3456e-03 2.2879e-03 2.2937e-03 2.2699e-03 2.2558e-03 2.2572e-03 2.2696e-03 2.2871e-03 2.2903e-03 2.3445e-03
2.3697e-03 2.2938e-03 2.2986e-03 2.2526e-03 2.2520e-03 2.2753e-03 2.2827e-03 2.2572e-03 2.2932e-03 2.3367e-03
2.3620e-03 2.2624e-03 2.2830e-03 2.2712e-03 2.2565e-03 2.2972e-03 2.2889e-03 2.2595e-03 2.2852e-03 2.3796e-03
2.3481e-03 2.2869e-03 2.2944e-03 2.2716e-03 2.2368e-03 2.2687e-03 2.2952e-03 2.2851e-03 2.2758e-03 2.3551e-03
2.3607e-03 2.3077e-03 2.2890e-03 2.2634e-03 2.2439e-03 2.2882e-03 2.2721e-03 2.2805e-03 2.2939e-03 2.3916e-03
2.4741e-03 2.4144e-03 2.3364e-03 2.3028e-03 2.3694e-03 2.3971e-03 2.3568e-03 2.3709e-03 2.3676e-03 2.4614e-03
Time Step 43
2.4513e-03 2.3527e-03 2.3548e-03 2.3292e-03 2.3204e-03 2.3462e-03 2.3535e-03 2.3177e-03 2.3583e-03 2.4484e-03
2.3471e-03 2.2748e-03 2.2740e-03 2.2702e-03 2.2520e-03 2.2726e-03 2.2697e-03 2.2775e-03 2.2890e-03 2.3665e-03
2.3320e-03 2.2582e-03 2.2621e-03 2.2685e-03 2.2519e-03 2.2414e-03 2.2958e-03 2.2759e-03 2.2838e-03 2.3627e-03
2.3201e-03 2.2727e-03 2.2735e-03 2.2489e-03 2.2271e-03 2.2610e-03 2.2659e-03 2.2466e-03 2.2586e-03 2.3608e-03
2.3421e-03 2.2575e-03 2.2840e-03 2.2649e-03 2.2588e-03 2.2486e-03 2.2555e-03 2.2955e-03 2.2787e-03 2.3413e-03
2.3228e-03 2.2630e-03 2.2809e-03 2.2555e-03 2.2465e-03 2.2337e-03 2.2563e-03 2.2732e-03 2.2803e-03 2.3446e-03
2.3539e-03 2.2994e-03 2.2893e-03 2.2870e-03 2.2620e-03 2.2298e-03 2.2703e-03 2.2979e-03 2.3192e-03 2.3930e-03
2.3516e-03 2.3000e-03 2.2792e-03 2.2960e-03 2.2614e-03 2.2626e-03 2.2710e-03 2.2788e-03 2.3298e-03 2.4008e-03
2.4030e-03 2.2987e-03 2.2985e-03 2.3009e-03 2.2807e-03 2.2826e-03 2.2560e-03 2.2583e-03 2.2897e-03 2.4294e-03
2.4899e-03 2.3983e-03 2.3473e-03 2.3625e-03 2.3089e-03 2.3177e-03 2.3255e-03 2.3647e-03 2.4016e-03 2.4953e-03
Time Step 44
2.4322e-03 2.3722e-03 2.3302e-03 2.3371e-03 2.3275e-03 2.3198e-03 2.3237e-03 2.3324e-03 2.3712e-03 2.4558e-03
2.3376e-03 2.3111e-03 2.2527e-03 2.2529e-03 2.2563e-03 2.2513e-03 2.2698e-03 2.3001e-03 2.2926e-03 2.3610e-03
2.3223e-03 2.2913e-03 2.2323e-03 2.2321e-03 2.2508e-03 2.2763e-03 2.2755e-03 2.2558e-03 2.2790e-03 2.3689e-03
2.3357e-03 2.2585e-03 2.2473e-03 2.2404e-03 2.2557e-03 2.2713e-03 2.2750e-03 2.2788e-03 2.2970e-03 2.3859e-03
2.3426e-03 2.2996e-03 2.2691e-03 2.2629e-03 2.2576e-03 2.2433e-03 2.2575e-03 2.2700e-03 2.2923e-03 2.3345e-03
2.3605e-03 2.2996e-03 2.2868e-03 2.2827e-03 2.2486e-03 2.2665e-03 2.2543e-03 2.2271e-03 2.2797e-03 2.3311e-03
2.3557e-03 2.2649e-03 2.3024e-03 2.2734e-03 2.2490e-03 2.2541e-03 2.2323e-03 2.2093e-03 2.2681e-03 2.3243e-03
2.3483e-03 2.2877e-03 2.2867e-03 2.2938e-03 2.2599e-03 2.2539e-03 2.2487e-03 2.2651e-03 2.2928e-03 2.3762e-03
2.3927e-03 2.3174e-03 2.2818e-03 2.2631e-03 2.2985e-03 2.3004e-03 2.2817e-03 2.2829e-03 2.2980e-03 2.3753e-03
2.4512e-03 2.3779e-03 2.3195e-03 2.3204e-03 2.3319e-03 2.3583e-03 2.3837e-03 2.3741e-03 2.3764e-03 2.4598e-03
Time Step 45
2.4588e-03 2.3680e-03 2.3664e-03 2.3399e-03 2.3329e-03 2.3332e-03 2.3455e-03 2.3138e-03 2.3458e-03 2.5171e-03
2.3937e-03 2.3164e-03 2.2697e-03 2.2898e-03 2.2865e-03 2.2778e-03 2.2758e-03 2.2794e-03 2.2966e-03 2.4080e-03
2.3938e-03 2.2750e-03 2.2581e-03 2.2739e-03 2.2568e-03 2.2681e-03 2.2684e-03 2.2609e-03 2.2751e-03 2.3772e-03
2.3473e-03 2.2680e-03 2.2773e-03 2.2925e-03 2.2614e-03 2.2645e-03 2.2668e-03 2.2732e-03 2.2953e-03 2.3501e-03
2.3637e-03 2.2753e-03 2.2632e-03 2.2655e-03 2.2633e-03 2.2720e-03 2.2605e-03 2.2666e-03 2.2844e-03 2.3108e-03
2.3619e-03 2.2910e-03 2.2791e-03 2.2613e-03 2.2682e-03 2.2954e-03 2.2599e-03 2.2596e-03 2.2956e-03 2.3282e-03
2.3808e-03 2.2747e-03 2.2713e-03 2.2527e-03 2.2756e-03 2.2754e-03 2.2930e-03 2.2967e-03 2.3161e-03 2.3631e-03
2.3347e-03 2.2650e-03 2.2754e-03 2.2882e-03 2.2956e-03 2.2653e-03 2.2828e-03 2.2723e-03 2.2733e-03 2.3624e-03
2.3541e-03 2.2813e-03 2.2790e-03 2.2921e-03 2.2857e-03 2.2856e-03 2.2774e-03 2.2752e-03 2.2804e-03 2.3739e-03
2.4174e-03 2.3413e-03 2.3213e-03 2.3448e-03 2.3555e-03 2.3287e-03 2.3470e-03 2.3431e-03 2.3579e-03 2.4163e-03
Time Step 46
2.4742e-03 2.3796e-03 2.3497e-03 2.3338e-03 2.3365e-03 2.3489e-03 2.3526e-03 2.3669e-03 2.4018e-03 2.4455e-03
2.3510e-03 2.2906e-03 2.3038e-03 2.2793e-03 2.2852e-03 2.2783e-03 2.2769e-03 2.3019e-03 2.2880e-03 2.3594e-03
2.3797e-03 2.3135e-03 2.2777e-03 2.2486e-03 2.2725e-03 2.2945e-03 2.2934e-03 2.2910e-03 2.2597e-03 2.3409e-03
2.3459e-03 2.3013e-03 2.2836e-03 2.2669e-03 2.2664e-03 2.2877e-03 2.2947e-03 2.2942e-03 2.2840e-03 2.3351e-03
2.3414e-03 2.2761e-03 2.2639e-03 2.2735e-03 2.2707e-03 2.2602e-03 2.2865e-03 2.2707e-03 2.2576e-03 2.3131e-03
2.3501e-03 2.2914e-03 2.2952e-03 2.2563e-03 2.2644e-03 2.2480e-03 2.2498e-03 2.2662e-03 2.2441e-03 2.2930e-03
2.3555e-03 2.2782e-03 2.2664e-03 2.2676e-03 2.2632e-03 2.2647e-03 2.2321e-03 2.2450e-03 2.2539e-03 2.3151e-03
2.3514e-03 2.2824e-03 2.2814e-03 2.3141e-03 2.2640e-03 2.2150e-03 2.2554e-03 2.2759e-03 2.2951e-03 2.3116e-03
2.3621e-03 2.2985e-03 2.2735e-03 2.2996e-03 2.2696e-03 2.2835e-03 2.2913e-03 2.3035e-03 2.2743e-03 2.3350e-03
2.4205e-03 2.3760e-03 2.3620e-03 2.3713e-03 2.3454e-03 2.3421e-03 2.3377e-03 2.3643e-03 2.3524e-03 2.4228e-03
Time Step 47
2.4700e-03 2.3765e-03 2.3357e-03 2.3575e-03 2.4001e-03 2.3942e-03 2.3710e-03 2.3606e-03 2.3745e-03 2.4214e-03
2.3940e-03 2.3525e-03 2.3140e-03 2.3211e-03 2.2992e-03 2.2980e-03 2.2727e-03 2.2741e-03 2.2709e-03 2.3579e-03
2.3448e-03 2.2786e-03 2.2574e-03 2.2791e-03 2.2642e-03 2.2793e-03 2.2939e-03 2.2954e-03 2.3021e-03 2.3663e-03
2.3415e-03 2.2728e-03 2.2566e-03 2.2750e-03 2.2718e-03 2.2700e-03 2.2951e-03 2.3020e-03 2.3077e-03 2.3504e-03
2.3717e-03 2.3156e-03 2.2991e-03 2.2735e-03 2.2865e-03 2.2590e-03 2.3061e-03 2.2806e-03 2.2812e-03 2.3426e-03
2.3747e-03 2.2797e-03 2.2773e-03 2.2783e-03 2.2731e-03 2.2560e-03 2.2709e-03 2.2739e-03 2.2595e-03 2.3067e-03
2.3428e-03 2.2679e-03 2.2605e-03 2.2680e-03 2.2682e-03 2.2909e-03 2.2644e-03 2.2664e-03 2.2844e-03 2.3289e-03
2.3587e-03 2.2749e-03 2.2962e-03 2.2847e-03 2.2518e-03 2.2603e-03 2.2746e-03 2.2730e-03 2.2909e-03 2.3651e-03
2.3893e-03 2.3174e-03 2.2859e-03 2.2701e-03 2.2559e-03 2.2415e-03 2.2550e-03 2.2752e-03 2.2738e-03 2.3528e-03
2.4698e-03 2.3474e-03 2.3691e-03 2.3402e-03 2.3491e-03 2.3251e-03 2.3510e-03 2.3146e-03 2.3285e-03 2.3896e-03
Time Step 48
2.3963e-03 2.3456e-03 2.3585e-03 2.3574e-03 2.3274e-03 2.3351e-03 2.3172e-03 2.3255e-03 2.3479e-03 2.4333e-03
2.3424e-03 2.3003e-03 2.2743e-03 2.2467e-03 2.2536e-03 2.2532e-03 2.2516e-03 2.2877e-03 2.3173e-03 2.3964e-03
2.3479e-03 2.2856e-03 2.2829e-03 2.2744e-03 2.2450e-03 2.2427e-03 2.2334e-03 2.2779e-03 2.3126e-03 2.3458e-03
2.3589e-03 2.2817e-03 2.2765e-03 2.2945e-03 2.2800e-03 2.2361e-03 2.2657e-03 2.2811e-03 2.2812e-03 2.3315e-03
2.3484e-03 2.2854e-03 2.2594e-03 2.2662e-03 2.2684e-03 2.2521e-03 2.2868e-03 2.2771e-03 2.2863e-03 2.3352e-03
2.3781e-03 2.2873e-03 2.2683e-03 2.2623e-03 2.2877e-03 2.2657e-03 2.2679e-03 2.2725e-03 2.2802e-03 2.3486e-03
2.3716e-03 2.2936e-03 2.2786e-03 2.2722e-03 2.2546e-03 2.2713e-03 2.2576e-03 2.2717e-03 2.2533e-03 2.3385e-03
2.3268e-03 2.2776e-03 2.2912e-03 2.3111e-03 2.2684e-03 2.2840e-03 2.2694e-03 2.2870e-03 2.2578e-03 2.3440e-03
2.3746e-03 2.3144e-03 2.3052e-03 2.2835e-03 2.2845e-03 2.2890e-03 2.2523e-03 2.2657e-03 2.2896e-03 2.3841e-03
2.4325e-03 2.3669e-03 2.3827e-03 2.3512e-03 2.3545e-03 2.3632e-03 2.3409e-03 2.3292e-03 2.3355e-03 2.4155e-03
Time Step 49
2.4300e-03 2.3792e-03 2.3161e-03 2.3381e-03 2.3508e-03 2.3457e-03 2.3199e-03 2.3057e-03 2.3399e-03 2.4528e-03
2.3316e-03 2.3027e-03 2.2530e-03 2.2550e-03 2.2563e-03 2.2645e-03 2.2733e-03 2.2703e-03 2.2778e-03 2.3532e-03
2.3269e-03 2.2923e-03 2.2710e-03 2.2635e-03 2.2639e-03 2.3027e-03 2.3004e-03 2.2746e-03 2.2914e-03 2.3761e-03
2.3035e-03 2.2770e-03 2.2856e-03 2.2743e-03 2.2532e-03 2.2804e-03 2.2940e-03 2.2983e-03 2.2679e-03 2.3503e-03
2.3303e-03 2.2911e-03 2.2935e-03 2.2706e-03 2.2548e-03 2.2941e-03 2.2873e-03 2.2818e-03 2.2858e-03 2.3591e-03
2.3622e-03 2.2611e-03 2.2950e-03 2.2347e-03 2.2693e-03 2.2755e-03 2.2794e-03 2.2624e-03 2.2999e-03 2.3725e-03
2.3708e-03 2.2752e-03 2.3009e-03 2.2660e-03 2.2892e-03 2.2558e-03 2.2661e-03 2.2694e-03 2.3058e-03 2.3664e-03
2.4001e-03 2.3058e-03 2.2736e-03 2.2827e-03 2.2842e-03 2.2472e-03 2.2658e-03 2.2780e-03 2.3119e-03 2.3684e-03
2.4086e-03 2.3178e-03 2.2731e-03 2.2577e-03 2.2766e-03 2.2775e-03 2.2761e-03 2.2610e-03 2.3086e-03 2.3626e-03
2.4411e-03 2.3696e-03 2.3310e-03 2.3333e-03 2.3501e-03 2.3421e-03 2.3526e-03 2.3428e-03 2.3588e-03 2.4376e-03
Time Step 50
2.5302e-03 2.4744e-03 2.4278e-03 2.4577e-03 2.4179e-03 2.4227e-03 2.3910e-03 2.4026e-03 2.4208e-03 2.5523e-03
2.4009e-03 2.3587e-03 2.3314e-03 2.3532e-03 2.3332e-03 2.3137e-03 2.3217e-03 2.3475e-03 2.3870e-03 2.4604e-03
2.3729e-03 2.3324e-03 2.3114e-03 2.3375e-03 2.3311e-03 2.3560e-03 2.3524e-03 2.3504e-03 2.3555e-03 2.4105e-03
2.3904e-03 2.3256e-03 2.3196e-03 2.3427e-03 2.3161e-03 2.3197e-03 2.3277e-03 2.3396e-03 2.3258e-03 2.4212e-03
2.3945e-03 2.3266e-03 2.3267e-03 2.3153e-03 2.3384e-03 2.3233e-03 2.3323e-03 2.3308e-03 2.3032e-03 2.4064e-03
2.4011e-03 2.3539e-03 2.3313e-03 2.3383e-03 2.3342e-03 2.2963e-03 2.3019e-03 2.3001e-03 2.3164e-03 2.4185e-03
2.4008e-03 2.3379e-03 2.3624e-03 2.3283e-03 2.3298e-03 2.3030e-03 2.2954e-03 2.3045e-03 2.3306e-03 2.4140e-03
2.4497e-03 2.3284e-03 2.3254e-03 2.3257e-03 2.3271e-03 2.3021e-03 2.3378e-03 2.3325e-03 2.3280e-03 2.4389e-03
2.4650e-03 2.3538e-03 2.3236e-03 2.3222e-03 2.3169e-03 2.3321e-03 2.3476e-03 2.3635e-03 2.3721e-03 2.4480e-03
2.5491e-03 2.4071e-03 2.3952e-03 2.4113e-03 2.4007e-03 2.4263e-03 2.4157e-03 2.4644e-03 2.4621e-03 2.5328e-03
