Time Step 1
0.0000e+00 0.0000e+00 0.0000e+00 0.0000e+00 0.0000e+00 0.0000e+00 0.0000e+00 0.0000e+00 0.0000e+00 0.0000e+00
0.0000e+00 0.0000e+00 0.0000e+00 0.0000e+00 0.0000e+00 0.0000e+00 0.0000e+00 0.0000e+00 0.0000e+00 0.0000e+00
0.0000e+00 0.0000e+00 0.0000e+00 0.0000e+00 0.0000e+00 0.0000e+00 0.0000e+00 0.0000e+00 0.0000e+00 0.0000e+00
0.0000e+00 0.0000e+00 0.0000e+00 0.0000e+00 0.0000e+00 0.0000e+00 0.0000e+00 0.0000e+00 0.0000e+00 0.0000e+00
0.0000e+00 0.0000e+00 0.0000e+00 0.0000e+00 0.0000e+00 0.0000e+00 0.0000e+00 0.0000e+00 0.0000e+00 0.0000e+00
0.0000e+00 0.0000e+00 0.0000e+00 0.0000e+00 0.0000e+00 0.0000e+00 0.0000e+00 0.0000e+00 0.0000e+00 0.0000e+00
0.0000e+00 0.0000e+00 0.0000e+00 0.0000e+00 0.0000e+00 0.0000e+00 0.0000e+00 0.0000e+00 0.0000e+00 0.0000e+00
0.0000e+00 0.0000e+00 0.0000e+00 0.0000e+00 0.0000e+00 0.0000e+00 0.0000e+00 0.0000e+00 0.0000e+00 0.0000e+00
0.0000e+00 0.0000e+00 0.0000e+00 0.0000e+00 0.0000e+00 0.0000e+00 0.0000e+00 0.0000e+00 0.0000e+00 0.0000e+00
0.0000e+00 0.0000e+00 0.0000e+00 0.0000e+00 0.0000e+00 0.0000e+00 0.0000e+00 0.0000e+00 0.0000e+00 0.0000e+00
Time Step 2
2.7181e-01 3.2342e-01 3.6879e-01 4.1175e-01 4.0546e-01 4.1043e-01 4.0531e-01 3.9157e-01 3.2126e-01 2.6136e-01
3.4103e-01 4.2962e-01 4.5458e-01 5.1837e-01 5.1537e-01 5.1422e-01 5.1867e-01 4.6699e-01 4.3054e-01 3.4469e-01
3.7725e-01 4.9162e-01 5.4801e-01 5.6246e-01 6.1679e-01 5.9490e-01 5.5159e-01 5.3808e-01 4.7660e-01 3.8451e-01
3.9443e-01 5.1168e-01 5.6570e-01 6.1741e-01 6.4017e-01 6.4914e-01 6.2223e-01 5.8632e-01 5.1063e-01 3.8777e-01
4.0921e-01 5.4646e-01 6.0059e-01 6.2157e-01 6.6495e-01 6.7386e-01 6.0490e-01 5.9783e-01 5.2928e-01 4.3238e-01
4.1738e-01 5.1807e-01 6.0445e-01 6.3229e-01 6.4753e-01 6.4125e-01 6.2988e-01 6.0445e-01 5.2464e-01 4.0160e-01
3.9411e-01 5.1744e-01 5.7610e-01 6.2717e-01 6.1971e-01 6.2796e-01 6.2486e-01 5.7831e-01 4.8883e-01 3.9840e-01
3.5853e-01 4.8614e-01 5.5225e-01 5.7690e-01 5.8009e-01 5.8922e-01 5.8229e-01 5.5781e-01 4.7231e-01 3.7437e-01
3.5073e-01 4.3454e-01 4.7045e-01 5.1204e-01 5.1803e-01 5.1739e-01 5.0854e-01 4.7540e-01 4.3686e-01 3.4427e-01
2.5700e-01 3.3936e-01 4.0011e-01 4.0619e-01 4.2916e-01 4.2284e-01 3.9072e-01 4.0306e-01 3.4956e-01 2.7988e-01
Time Step 3
3.6555e-01 4.4462e-01 4.8839e-01 5.4084e-01 5.5767e-01 5.2093e-01 5.3072e-01 5.2281e-01 4.6026e-01 3.5687e-01
4.5825e-01 5.5650e-01 6.1847e-01 6.6899e-01 6.9368e-01 6.8434e-01 6.7456e-01 6.3323e-01 5.6626e-01 4.7023e-01
4.9409e-01 6.2623e-01 6.8174e-01 7.3250e-01 7.1480e-01 7.3544e-01 7.3260e-01 6.8645e-01 6.1153e-01 5.0145e-01
5.3475e-01 6.5809e-01 7.4464e-01 7.7858e-01 8.0375e-01 7.6396e-01 7.6714e-01 7.1344e-01 6.7075e-01 5.3239e-01
5.4599e-01 6.7181e-01 7.5532e-01 7.6527e-01 7.9953e-01 8.0809e-01 7.7738e-01 7.3271e-01 6.8206e-01 5.3504e-01
5.6386e-01 6.9012e-01 7.2980e-01 7.8358e-01 7.9744e-01 8.0892e-01 7.8545e-01 7.5285e-01 6.8474e-01 5.3779e-01
5.2456e-01 6.6944e-01 7.1115e-01 7.7533e-01 8.0354e-01 7.6785e-01 7.8626e-01 7.0779e-01 6.5274e-01 5.2554e-01
4.9374e-01 6.2578e-01 6.9358e-01 7.2977e-01 7.7623e-01 7.4778e-01 7.2337e-01 6.7780e-01 6.2919e-01 5.1115e-01
4.6348e-01 5.5639e-01 6.1806e-01 6.7317e-01 7.0442e-01 6.9938e-01 6.5973e-01 6.1032e-01 5.8043e-01 4.5113e-01
3.8346e-01 4.4585e-01 5.1466e-01 5.1018e-01 5.6551e-01 5.2370e-01 5.4569e-01 4.8172e-01 4.5079e-01 3.7351e-01
Time Step 4
4.0235e-01 4.9769e-01 5.5358e-01 5.6552e-01 5.6162e-01 5.8966e-01 5.8343e-01 5.4092e-01 4.6663e-01 4.1687e-01
5.0187e-01 6.2992e-01 6.7760e-01 7.1457e-01 7.3322e-01 7.0614e-01 7.1235e-01 6.9691e-01 5.9705e-01 5.1164e-01
5.3842e-01 6.6405e-01 7.5285e-01 7.9764e-01 7.6998e-01 7.7529e-01 8.0529e-01 7.4299e-01 6.7441e-01 5.5068e-01
5.8337e-01 7.1614e-01 7.9683e-01 8.3109e-01 8.3751e-01 8.7314e-01 8.2720e-01 7.8713e-01 7.2608e-01 5.7000e-01
5.9763e-01 7.0124e-01 8.0850e-01 8.4944e-01 8.8765e-01 8.7744e-01 8.5583e-01 7.7841e-01 7.1257e-01 5.8544e-01
6.0195e-01 7.1198e-01 8.2666e-01 8.3446e-01 8.3878e-01 8.7013e-01 8.4231e-01 8.2370e-01 7.0934e-01 5.7831e-01
5.7988e-01 7.0531e-01 7.9925e-01 8.4051e-01 8.4456e-01 8.5780e-01 8.3935e-01 7.8194e-01 7.1299e-01 5.4853e-01
5.5469e-01 6.6210e-01 7.4826e-01 7.9367e-01 7.9328e-01 8.2894e-01 7.7370e-01 7.5137e-01 6.9472e-01 5.5340e-01
5.2029e-01 6.1699e-01 6.6813e-01 6.8758e-01 7.0876e-01 7.3058e-01 6.8996e-01 6.7255e-01 6.2615e-01 5.1644e-01
4.1077e-01 5.0397e-01 5.5747e-01 5.5544e-01 5.8611e-01 5.9958e-01 5.6357e-01 5.4445e-01 4.9567e-01 3.9470e-01
Time Step 5
4.2744e-01 4.9659e-01 5.7826e-01 5.9055e-01 6.0195e-01 6.0667e-01 5.9298e-01 5.8223e-01 5.2758e-01 4.3641e-01
5.1660e-01 6.3512e-01 6.7374e-01 7.1674e-01 7.3115e-01 7.8165e-01 7.3471e-01 6.8668e-01 6.0782e-01 5.3729e-01
5.5320e-01 6.7654e-01 7.6506e-01 8.1211e-01 8.3617e-01 8.3246e-01 7.9302e-01 7.5708e-01 6.9852e-01 5.6846e-01
5.8791e-01 7.0870e-01 7.8735e-01 8.3009e-01 8.6778e-01 8.6875e-01 8.3241e-01 8.1396e-01 7.5645e-01 6.0168e-01
6.1020e-01 7.5666e-01 8.3868e-01 8.5363e-01 8.9058e-01 8.9520e-01 8.6795e-01 8.2763e-01 7.5503e-01 6.0077e-01
6.0741e-01 7.1541e-01 8.1016e-01 8.8114e-01 9.1160e-01 8.9366e-01 8.3609e-01 8.5559e-01 7.3770e-01 6.1687e-01
5.9584e-01 7.1930e-01 8.1022e-01 8.5317e-01 8.9723e-01 8.8760e-01 8.4330e-01 8.0123e-01 7.0668e-01 5.6613e-01
5.4599e-01 6.7513e-01 7.5691e-01 8.2747e-01 8.3699e-01 8.1390e-01 7.8039e-01 7.5209e-01 7.1557e-01 5.6258e-01
5.2849e-01 6.4306e-01 6.9251e-01 7.4034e-01 7.5555e-01 7.3129e-01 7.2383e-01 6.9584e-01 6.1291e-01 5.0035e-01
4.0330e-01 5.0376e-01 5.6124e-01 5.8328e-01 6.2418e-01 5.9756e-01 5.9664e-01 5.8028e-01 5.0774e-01 4.1930e-01
Time Step 6
4.2465e-01 5.2000e-01 5.6632e-01 5.9915e-01 6.1946e-01 6.2109e-01 5.9355e-01 5.8150e-01 5.2020e-01 4.3618e-01
5.1226e-01 6.3841e-01 7.0660e-01 7.4355e-01 7.6298e-01 7.6394e-01 7.3348e-01 7.1541e-01 6.2606e-01 5.2888e-01
5.7407e-01 6.9992e-01 7.5810e-01 8.2768e-01 8.4739e-01 8.3439e-01 8.2253e-01 7.7086e-01 7.1280e-01 5.6183e-01
6.1840e-01 7.4165e-01 7.9275e-01 8.6075e-01 8.8224e-01 8.6345e-01 8.6745e-01 8.2465e-01 7.5940e-01 5.9521e-01
6.2270e-01 7.5022e-01 8.3087e-01 8.7080e-01 8.7854e-01 8.9675e-01 8.8436e-01 8.5987e-01 7.4940e-01 6.0104e-01
6.0540e-01 7.7308e-01 8.4534e-01 8.6310e-01 8.9123e-01 8.6967e-01 8.9491e-01 8.4331e-01 7.5600e-01 6.1325e-01
5.8846e-01 7.2209e-01 8.1817e-01 8.6369e-01 8.8108e-01 8.9544e-01 8.8419e-01 8.0132e-01 7.1186e-01 5.9103e-01
5.7143e-01 6.9413e-01 7.6931e-01 7.9687e-01 8.3702e-01 8.3156e-01 7.9621e-01 7.4989e-01 7.0112e-01 5.8168e-01
5.0313e-01 6.4922e-01 6.9227e-01 7.4261e-01 7.6128e-01 7.4399e-01 7.2684e-01 7.0856e-01 6.4586e-01 5.2401e-01
4.1173e-01 5.3532e-01 5.7262e-01 5.9355e-01 6.0551e-01 6.2330e-01 6.1831e-01 5.8206e-01 5.1956e-01 4.1472e-01
Time Step 7
4.4160e-01 5.1311e-01 5.8966e-01 5.9972e-01 6.2378e-01 6.3238e-01 6.2318e-01 5.6926e-01 5.1881e-01 4.2297e-01
5.4502e-01 6.5035e-01 6.9783e-01 7.2138e-01 7.4137e-01 7.4678e-01 7.6860e-01 7.1696e-01 6.4695e-01 5.1388e-01
5.6733e-01 7.3211e-01 7.8112e-01 7.9651e-01 8.4243e-01 8.1296e-01 8.2553e-01 7.6682e-01 6.9771e-01 5.9281e-01
5.9011e-01 7.4445e-01 8.5164e-01 8.6351e-01 8.8615e-01 8.8933e-01 8.8817e-01 8.0485e-01 7.3259e-01 6.2128e-01
6.4306e-01 7.3574e-01 8.4650e-01 8.8310e-01 9.3647e-01 9.1697e-01 8.6988e-01 8.2933e-01 7.6995e-01 6.2845e-01
6.2638e-01 7.5924e-01 8.4451e-01 8.9625e-01 8.8762e-01 9.0084e-01 8.9183e-01 8.4371e-01 7.4974e-01 5.9915e-01
6.2481e-01 7.1144e-01 8.0800e-01 8.5492e-01 8.9438e-01 8.8754e-01 8.5803e-01 7.9252e-01 7.3994e-01 6.1479e-01
5.5355e-01 6.9156e-01 7.7475e-01 7.9729e-01 8.5891e-01 8.3943e-01 8.2214e-01 8.0783e-01 6.8360e-01 5.7252e-01
5.2779e-01 6.5422e-01 6.7526e-01 7.2206e-01 7.5673e-01 7.2922e-01 7.5175e-01 7.0367e-01 6.2394e-01 5.3432e-01
4.2164e-01 5.2348e-01 6.0217e-01 6.0524e-01 6.1847e-01 6.2513e-01 6.0182e-01 5.6542e-01 5.1603e-01 4.4336e-01
Time Step 8
4.3274e-01 5.2772e-01 5.6801e-01 6.0533e-01 6.2707e-01 6.2275e-01 6.3654e-01 5.7684e-01 5.2675e-01 4.3910e-01
5.2359e-01 6.2005e-01 7.0066e-01 7.3205e-01 7.5726e-01 7.7940e-01 7.5672e-01 6.9622e-01 6.4502e-01 5.3472e-01
5.7975e-01 7.2861e-01 7.4399e-01 8.3097e-01 8.3691e-01 8.5129e-01 8.1573e-01 7.5363e-01 7.0924e-01 5.9086e-01
6.3162e-01 7.3032e-01 8.0831e-01 8.7182e-01 8.8713e-01 9.1583e-01 8.7173e-01 8.2222e-01 7.5242e-01 5.9541e-01
6.3830e-01 7.7409e-01 8.3432e-01 8.6791e-01 9.1825e-01 9.2351e-01 9.1930e-01 8.4602e-01 7.7082e-01 6.2784e-01
6.1482e-01 7.5099e-01 8.2740e-01 8.7245e-01 8.9474e-01 9.1076e-01 8.9348e-01 8.3158e-01 7.5552e-01 6.2597e-01
6.1639e-01 7.3147e-01 8.1983e-01 8.5000e-01 8.8679e-01 8.6645e-01 8.7380e-01 7.9832e-01 7.4279e-01 6.1726e-01
5.7279e-01 6.9144e-01 7.8116e-01 8.3175e-01 8.3928e-01 8.0421e-01 8.1434e-01 7.7412e-01 7.0694e-01 5.5532e-01
5.2154e-01 6.6029e-01 7.2243e-01 7.4265e-01 7.7343e-01 7.7898e-01 7.1062e-01 6.9213e-01 6.5532e-01 5.1512e-01
4.2228e-01 5.2811e-01 5.9907e-01 6.1429e-01 6.4039e-01 6.1830e-01 6.1975e-01 5.7653e-01 5.1812e-01 4.2630e-01
Time Step 9
4.3561e-01 5.2773e-01 5.7018e-01 5.9914e-01 6.3176e-01 6.3101e-01 6.1100e-01 5.5845e-01 5.3733e-01 4.3757e-01
5.3678e-01 6.5271e-01 6.8906e-01 7.4276e-01 7.3049e-01 7.5536e-01 7.5107e-01 6.9584e-01 6.4028e-01 5.0946e-01
5.7891e-01 6.8976e-01 8.2090e-01 8.1788e-01 8.3283e-01 8.0874e-01 7.8456e-01 8.0977e-01 7.3629e-01 5.7530e-01
6.2120e-01 7.3661e-01 8.1196e-01 8.9700e-01 9.0682e-01 9.0440e-01 8.8487e-01 7.8765e-01 7.4585e-01 5.9645e-01
6.2768e-01 7.8269e-01 8.3464e-01 8.9241e-01 9.2304e-01 9.1777e-01 9.0089e-01 8.5350e-01 7.3779e-01 6.3224e-01
5.9538e-01 7.6188e-01 8.5092e-01 9.0452e-01 9.0498e-01 8.9280e-01 8.9437e-01 8.5733e-01 7.5081e-01 6.2571e-01
6.0657e-01 7.3501e-01 8.2056e-01 8.4558e-01 8.8970e-01 8.9512e-01 8.7441e-01 8.2414e-01 7.3591e-01 6.0721e-01
5.5847e-01 6.9179e-01 7.8795e-01 8.5589e-01 8.2534e-01 8.4246e-01 8.5931e-01 7.6714e-01 6.9713e-01 5.6448e-01
5.1800e-01 6.5614e-01 7.1050e-01 7.4282e-01 7.7124e-01 7.4835e-01 7.3236e-01 6.7752e-01 6.5069e-01 5.2992e-01
4.6840e-01 5.4222e-01 5.8546e-01 6.0792e-01 6.4048e-01 6.3068e-01 6.0043e-01 5.6320e-01 5.2388e-01 4.4957e-01
Time Step 10
4.4324e-01 5.0790e-01 5.6559e-01 6.3060e-01 6.1924e-01 5.9862e-01 6.1157e-01 5.9752e-01 5.1440e-01 4.4245e-01
5.3769e-01 6.4112e-01 7.1375e-01 7.5479e-01 7.7871e-01 7.7037e-01 7.3408e-01 6.8997e-01 6.5965e-01 5.6244e-01
5.5914e-01 7.2705e-01 7.5104e-01 8.4604e-01 8.7373e-01 8.4306e-01 8.2181e-01 7.9988e-01 7.0267e-01 5.6231e-01
6.1787e-01 7.3516e-01 8.0694e-01 8.5731e-01 8.9133e-01 8.9775e-01 8.8498e-01 8.1655e-01 7.2876e-01 5.9058e-01
6.1684e-01 7.9858e-01 8.5339e-01 8.8894e-01 8.8547e-01 9.1707e-01 9.1471e-01 8.4546e-01 7.6535e-01 5.9296e-01
6.3310e-01 7.8656e-01 8.4968e-01 8.8275e-01 9.2329e-01 8.9890e-01 9.1097e-01 8.3666e-01 7.4479e-01 6.1029e-01
6.0985e-01 7.4778e-01 8.2693e-01 8.4751e-01 9.0360e-01 8.7532e-01 8.5844e-01 7.9717e-01 7.5012e-01 6.2373e-01
5.9269e-01 6.9640e-01 7.5789e-01 7.8921e-01 8.2513e-01 8.6468e-01 8.3209e-01 7.8386e-01 7.1616e-01 5.6927e-01
5.4202e-01 6.6132e-01 6.8830e-01 7.5254e-01 7.8034e-01 7.8412e-01 7.4682e-01 6.8320e-01 6.2185e-01 5.2246e-01
4.3178e-01 5.3733e-01 5.8948e-01 5.9279e-01 6.2761e-01 6.2130e-01 5.9774e-01 5.6864e-01 5.4707e-01 4.2666e-01
Time Step 11
4.3357e-01 5.1948e-01 5.8734e-01 5.9706e-01 6.3359e-01 6.0566e-01 6.3104e-01 5.6974e-01 5.4065e-01 4.4381e-01
5.0895e-01 6.4358e-01 7.2045e-01 7.6390e-01 7.7214e-01 7.4601e-01 7.5523e-01 7.1226e-01 6.5081e-01 5.0368e-01
5.6560e-01 7.0005e-01 7.6173e-01 8.3937e-01 8.4109e-01 8.3830e-01 8.2439e-01 7.8612e-01 7.0148e-01 5.9646e-01
5.9183e-01 7.3960e-01 8.2374e-01 9.2232e-01 8.7641e-01 8.7934e-01 8.3363e-01 7.9876e-01 7.4151e-01 6.3250e-01
6.2811e-01 7.6221e-01 8.5176e-01 8.8309e-01 9.3316e-01 8.9820e-01 8.8536e-01 8.4352e-01 7.8135e-01 6.4006e-01
6.1303e-01 7.7321e-01 8.4593e-01 8.6974e-01 8.9632e-01 9.1471e-01 9.0516e-01 8.4650e-01 7.6173e-01 6.1294e-01
6.0041e-01 7.4554e-01 8.1900e-01 8.8374e-01 8.8456e-01 8.5978e-01 8.6712e-01 8.1373e-01 7.4922e-01 6.2061e-01
5.7862e-01 7.0811e-01 7.8958e-01 8.3967e-01 8.5669e-01 8.1539e-01 8.2025e-01 7.6464e-01 7.1894e-01 5.8535e-01
5.2434e-01 6.3121e-01 6.8928e-01 7.4889e-01 7.5509e-01 7.4233e-01 7.3933e-01 6.9763e-01 6.2791e-01 5.1635e-01
4.5383e-01 5.1268e-01 5.9112e-01 5.9967e-01 6.2408e-01 6.1567e-01 6.1229e-01 5.9636e-01 5.2294e-01 4.4893e-01
Time Step 12
4.3566e-01 5.1602e-01 5.6069e-01 6.1766e-01 6.2233e-01 5.9192e-01 6.0516e-01 5.7393e-01 5.2907e-01 4.5292e-01
5.5335e-01 6.2069e-01 7.2697e-01 7.4494e-01 7.5657e-01 7.5406e-01 7.5260e-01 6.9381e-01 6.5781e-01 5.0080e-01
5.8582e-01 6.9779e-01 8.0438e-01 8.3510e-01 8.5014e-01 8.4767e-01 8.4182e-01 7.7742e-01 7.4344e-01 5.8417e-01
6.2462e-01 7.5235e-01 8.1252e-01 8.8006e-01 9.1977e-01 9.0513e-01 8.7004e-01 8.0677e-01 7.5173e-01 6.0916e-01
6.0637e-01 7.5294e-01 8.3406e-01 9.1432e-01 8.9035e-01 9.3628e-01 9.0450e-01 8.1123e-01 7.4450e-01 5.9707e-01
6.1998e-01 7.7813e-01 8.4154e-01 8.8336e-01 8.6740e-01 9.3924e-01 8.9872e-01 8.7136e-01 7.6558e-01 6.1370e-01
6.1542e-01 7.4112e-01 8.2757e-01 8.7163e-01 8.8824e-01 8.9895e-01 8.7521e-01 8.2008e-01 7.7567e-01 5.7337e-01
5.5740e-01 7.4719e-01 7.3507e-01 8.2765e-01 8.2549e-01 8.4104e-01 8.0430e-01 7.6658e-01 6.9605e-01 5.8768e-01
5.1067e-01 6.6092e-01 7.3454e-01 7.4088e-01 7.8202e-01 7.4939e-01 7.4933e-01 7.2455e-01 6.3069e-01 5.1963e-01
4.4950e-01 5.3174e-01 5.7432e-01 6.2809e-01 6.1382e-01 6.2413e-01 6.2295e-01 5.6521e-01 5.1114e-01 4.3457e-01
Time Step 13
4.3451e-01 5.4019e-01 5.7964e-01 6.0423e-01 6.1750e-01 6.2941e-01 6.4372e-01 5.9582e-01 5.2240e-01 4.3658e-01
5.2956e-01 6.6405e-01 6.9068e-01 7.5365e-01 7.7302e-01 7.5767e-01 7.3561e-01 6.8732e-01 6.5328e-01 5.4066e-01
5.9543e-01 7.3348e-01 7.8508e-01 8.3307e-01 8.5390e-01 8.5787e-01 8.4220e-01 7.8035e-01 7.2525e-01 5.9527e-01
6.0053e-01 7.3317e-01 8.0015e-01 8.5540e-01 8.6939e-01 8.9945e-01 8.7820e-01 8.0765e-01 7.2674e-01 6.1300e-01
6.4393e-01 7.3150e-01 8.4190e-01 8.8655e-01 9.4222e-01 9.0124e-01 9.1175e-01 8.5807e-01 7.6767e-01 6.0430e-01
6.1924e-01 7.5796e-01 8.4226e-01 8.8589e-01 9.2538e-01 9.3412e-01 8.8131e-01 8.6379e-01 7.6170e-01 6.1082e-01
6.0484e-01 7.3895e-01 8.4788e-01 8.6679e-01 8.9482e-01 8.9123e-01 8.6256e-01 7.8663e-01 7.5804e-01 6.1837e-01
5.7352e-01 7.1144e-01 7.7683e-01 8.2193e-01 8.5737e-01 8.4675e-01 8.1035e-01 7.8179e-01 7.1664e-01 5.7843e-01
5.2484e-01 6.3447e-01 6.9983e-01 7.5341e-01 7.3321e-01 7.6215e-01 7.5163e-01 7.1410e-01 6.5459e-01 5.3321e-01
4.2800e-01 5.0018e-01 5.8618e-01 6.0518e-01 6.0982e-01 6.0062e-01 5.8704e-01 5.6580e-01 5.3581e-01 4.4025e-01
Time Step 14
4.3502e-01 5.3789e-01 5.9353e-01 6.3487e-01 6.4094e-01 6.1960e-01 5.9034e-01 5.8145e-01 5.3064e-01 4.2857e-01
5.3021e-01 6.4134e-01 6.9262e-01 7.7243e-01 7.7834e-01 7.6596e-01 7.3401e-01 7.1474e-01 6.3892e-01 5.2942e-01
5.7677e-01 7.0812e-01 7.6503e-01 8.1533e-01 8.5186e-01 8.2570e-01 8.1787e-01 7.8032e-01 7.2524e-01 5.6024e-01
6.1849e-01 7.3019e-01 8.4159e-01 8.5649e-01 8.8974e-01 9.0951e-01 8.6942e-01 8.2295e-01 7.2818e-01 6.1018e-01
6.2339e-01 7.6104e-01 8.3874e-01 8.8580e-01 9.0519e-01 9.0729e-01 8.8549e-01 8.3649e-01 7.5119e-01 6.3242e-01
6.3702e-01 7.5326e-01 8.4042e-01 8.9640e-01 9.1412e-01 9.1610e-01 8.9394e-01 8.8156e-01 7.7788e-01 6.2953e-01
5.9405e-01 7.5716e-01 8.2618e-01 8.8196e-01 8.8395e-01 8.9112e-01 8.8299e-01 8.1143e-01 7.4562e-01 6.1705e-01
5.5979e-01 7.1389e-01 7.9855e-01 8.2429e-01 8.2447e-01 8.5615e-01 8.3712e-01 7.8328e-01 7.0017e-01 5.9310e-01
5.0928e-01 6.6544e-01 7.1414e-01 7.6236e-01 7.5690e-01 7.6551e-01 7.4934e-01 6.9948e-01 6.4887e-01 5.1864e-01
4.3440e-01 5.2160e-01 5.7248e-01 6.0756e-01 6.3539e-01 6.2322e-01 6.0856e-01 5.8229e-01 5.2444e-01 4.5529e-01
Time Step 15
4.2466e-01 5.3490e-01 5.7819e-01 6.0160e-01 6.0464e-01 6.3688e-01 6.0387e-01 5.7926e-01 5.3091e-01 4.3929e-01
5.1815e-01 6.2126e-01 7.1674e-01 7.1840e-01 7.7683e-01 7.5995e-01 7.4143e-01 7.1508e-01 6.4270e-01 5.2354e-01
5.8229e-01 6.9300e-01 7.8447e-01 8.3276e-01 8.1724e-01 8.5962e-01 8.2575e-01 7.8248e-01 6.8914e-01 5.5276e-01
6.0402e-01 7.4340e-01 8.3972e-01 8.4774e-01 8.8361e-01 8.8356e-01 8.6227e-01 8.3584e-01 7.5650e-01 6.1440e-01
6.1904e-01 7.6242e-01 8.2881e-01 8.7252e-01 8.9955e-01 9.0190e-01 8.7780e-01 8.6914e-01 7.5592e-01 6.3738e-01
6.1803e-01 7.5983e-01 8.4068e-01 8.8442e-01 8.9561e-01 9.2075e-01 9.0874e-01 8.5060e-01 7.5114e-01 6.2224e-01
5.9663e-01 7.1583e-01 8.2763e-01 8.6167e-01 8.7745e-01 8.8502e-01 8.5371e-01 8.1033e-01 7.6312e-01 6.0840e-01
5.6186e-01 7.0485e-01 7.8705e-01 8.3055e-01 8.3832e-01 8.3572e-01 8.2099e-01 8.0391e-01 7.0892e-01 5.7672e-01
5.3022e-01 6.5003e-01 7.0524e-01 7.3280e-01 7.8455e-01 7.6623e-01 7.4414e-01 7.2025e-01 6.4240e-01 5.1868e-01
4.3213e-01 5.0093e-01 5.4646e-01 6.0939e-01 6.4634e-01 6.3027e-01 6.0199e-01 5.7067e-01 5.2247e-01 4.2487e-01
Time Step 16
4.3910e-01 5.2749e-01 5.6393e-01 5.9742e-01 6.0609e-01 6.2672e-01 6.0904e-01 5.9404e-01 5.3193e-01 4.2553e-01
5.4269e-01 6.5602e-01 7.2086e-01 7.1743e-01 7.5550e-01 7.3415e-01 7.5824e-01 7.1967e-01 6.3947e-01 4.9882e-01
5.5878e-01 6.9067e-01 7.4937e-01 8.6061e-01 8.1664e-01 8.5423e-01 8.4703e-01 7.9505e-01 7.3017e-01 5.6216e-01
6.2255e-01 7.3902e-01 8.1187e-01 8.5812e-01 8.7942e-01 8.9296e-01 8.4304e-01 8.4734e-01 7.2896e-01 5.8834e-01
6.0488e-01 7.5474e-01 8.4623e-01 8.9519e-01 9.1823e-01 8.8750e-01 9.1359e-01 8.2352e-01 7.5647e-01 6.4080e-01
6.0941e-01 7.3144e-01 8.6694e-01 8.7608e-01 9.4959e-01 9.3364e-01 8.8033e-01 8.4168e-01 7.6134e-01 6.4528e-01
6.0214e-01 7.4077e-01 8.3715e-01 8.6817e-01 8.6915e-01 8.6895e-01 8.6535e-01 8.3350e-01 7.4295e-01 6.0295e-01
5.6118e-01 7.2204e-01 7.7055e-01 8.2615e-01 8.3897e-01 8.1523e-01 8.0577e-01 7.9987e-01 7.0889e-01 5.9086e-01
5.5054e-01 6.4930e-01 7.2972e-01 7.1109e-01 7.5936e-01 7.7768e-01 7.3370e-01 7.2494e-01 6.2249e-01 5.3379e-01
4.3004e-01 5.3955e-01 5.7312e-01 5.9677e-01 6.2021e-01 6.2798e-01 6.1179e-01 5.5699e-01 5.3121e-01 4.4961e-01
Time Step 17
4.6424e-01 5.2089e-01 5.8148e-01 6.0703e-01 6.3859e-01 6.1159e-01 6.0174e-01 5.8620e-01 5.3599e-01 4.4054e-01
5.2547e-01 6.3681e-01 6.9182e-01 7.5990e-01 7.4314e-01 7.7212e-01 7.4698e-01 7.1299e-01 6.3653e-01 5.1473e-01
5.6251e-01 7.1946e-01 7.7924e-01 8.0302e-01 8.4823e-01 8.5972e-01 8.3796e-01 7.5991e-01 6.8879e-01 5.6495e-01
6.1827e-01 7.4352e-01 8.4744e-01 8.6835e-01 8.9722e-01 8.9006e-01 8.7735e-01 8.3242e-01 7.4877e-01 6.1130e-01
6.1671e-01 7.5570e-01 8.0308e-01 9.1442e-01 8.9026e-01 9.2295e-01 8.6563e-01 8.3683e-01 7.7396e-01 6.2793e-01
6.2706e-01 7.7114e-01 8.4654e-01 8.8851e-01 8.9681e-01 8.9365e-01 9.1538e-01 8.2661e-01 7.3717e-01 6.1313e-01
6.0385e-01 7.4028e-01 8.1980e-01 8.9505e-01 8.7732e-01 9.1542e-01 8.5676e-01 8.2025e-01 7.4983e-01 6.1433e-01
5.5889e-01 6.5307e-01 7.6247e-01 8.1809e-01 8.2157e-01 8.3976e-01 8.1319e-01 8.0638e-01 7.1523e-01 5.9384e-01
5.2774e-01 6.3045e-01 7.1376e-01 7.3345e-01 7.6997e-01 7.7577e-01 7.3576e-01 7.2687e-01 6.3290e-01 5.0296e-01
4.3561e-01 5.4310e-01 5.7975e-01 5.9045e-01 6.2583e-01 6.2091e-01 5.9914e-01 5.5501e-01 5.4673e-01 4.4322e-01
Time Step 18
4.4233e-01 5.4115e-01 5.9978e-01 6.0610e-01 6.1478e-01 6.0343e-01 6.3440e-01 5.8380e-01 5.2248e-01 4.4880e-01
5.3089e-01 6.5405e-01 6.9546e-01 7.4658e-01 7.4171e-01 7.3693e-01 7.4718e-01 7.3705e-01 6.3888e-01 5.1958e-01
5.7285e-01 7.2415e-01 7.6345e-01 8.4337e-01 8.2246e-01 8.0630e-01 7.9659e-01 7.5333e-01 7.0077e-01 5.7914e-01
6.0220e-01 7.3384e-01 8.1299e-01 8.2374e-01 8.9757e-01 8.8445e-01 8.7265e-01 8.3567e-01 7.2601e-01 5.8328e-01
5.9837e-01 7.6464e-01 8.4175e-01 8.7817e-01 9.0817e-01 8.9535e-01 8.9137e-01 8.3685e-01 7.7086e-01 6.2033e-01
6.1951e-01 7.5111e-01 8.3182e-01 8.7119e-01 9.2969e-01 9.1699e-01 9.0609e-01 8.1593e-01 7.6702e-01 6.4123e-01
6.2632e-01 7.4455e-01 8.2251e-01 8.8853e-01 8.9687e-01 8.8520e-01 8.6148e-01 8.0215e-01 7.3963e-01 6.2383e-01
5.7527e-01 7.1038e-01 7.7890e-01 8.2601e-01 8.2284e-01 8.5573e-01 8.4706e-01 7.8291e-01 6.9093e-01 5.6727e-01
5.2991e-01 6.4278e-01 7.0590e-01 7.6785e-01 7.4155e-01 7.2667e-01 7.2643e-01 7.2014e-01 6.3209e-01 5.4065e-01
4.2863e-01 5.2864e-01 5.7998e-01 5.9735e-01 6.1916e-01 6.1879e-01 5.9068e-01 5.8304e-01 5.4809e-01 4.3656e-01
Time Step 19
4.3146e-01 5.4335e-01 5.7135e-01 6.3513e-01 6.1058e-01 6.3550e-01 6.0783e-01 5.8038e-01 5.0454e-01 4.3330e-01
5.3374e-01 6.2046e-01 7.1162e-01 7.5459e-01 7.7047e-01 7.5973e-01 7.3920e-01 6.9923e-01 6.3223e-01 5.0487e-01
5.7459e-01 7.0879e-01 7.8122e-01 8.1430e-01 8.4199e-01 8.5917e-01 8.0288e-01 8.0124e-01 7.0528e-01 5.6109e-01
5.8415e-01 7.3634e-01 8.4882e-01 8.7264e-01 9.1751e-01 9.0553e-01 8.7176e-01 8.0306e-01 7.4379e-01 6.3364e-01
6.2032e-01 7.3699e-01 8.3440e-01 8.7747e-01 9.0503e-01 9.1474e-01 9.2269e-01 8.4190e-01 7.7866e-01 6.3322e-01
6.0893e-01 7.4643e-01 8.3171e-01 8.5122e-01 9.0588e-01 9.1102e-01 8.7711e-01 8.2188e-01 7.3722e-01 6.1040e-01
5.9274e-01 7.4318e-01 8.2600e-01 8.5446e-01 8.7724e-01 9.3263e-01 8.6597e-01 8.2990e-01 7.5701e-01 6.2036e-01
5.9353e-01 6.9980e-01 7.8916e-01 7.9616e-01 8.3828e-01 7.8687e-01 8.0474e-01 7.9741e-01 7.1611e-01 5.5096e-01
5.5084e-01 6.4472e-01 7.1444e-01 7.5378e-01 7.5755e-01 7.4674e-01 7.4879e-01 7.0944e-01 6.5382e-01 5.0506e-01
4.4511e-01 5.5428e-01 5.7091e-01 5.8720e-01 5.8736e-01 6.0447e-01 6.0695e-01 5.9530e-01 5.0858e-01 4.4078e-01
Time Step 20
4.4130e-01 5.2452e-01 5.6683e-01 6.3283e-01 6.2390e-01 6.1347e-01 6.2981e-01 5.8898e-01 5.3236e-01 4.6088e-01
5.3082e-01 6.4712e-01 6.7631e-01 7.4493e-01 7.5918e-01 7.7152e-01 7.5870e-01 7.3568e-01 6.4752e-01 5.2878e-01
5.9611e-01 7.0915e-01 7.5517e-01 8.3032e-01 8.6362e-01 8.4594e-01 8.3146e-01 7.9527e-01 7.0176e-01 5.5799e-01
6.0707e-01 7.6234e-01 8.2706e-01 8.5563e-01 8.9807e-01 8.8687e-01 8.6820e-01 8.1748e-01 7.2871e-01 6.2018e-01
6.3054e-01 7.6473e-01 8.6714e-01 8.7467e-01 9.2277e-01 9.2692e-01 9.1124e-01 8.5121e-01 7.7396e-01 6.2075e-01
6.1731e-01 7.5841e-01 8.3503e-01 8.7991e-01 9.0287e-01 9.2052e-01 8.8871e-01 8.6898e-01 7.6372e-01 6.1624e-01
5.9376e-01 7.6021e-01 8.4672e-01 8.5703e-01 8.7749e-01 8.6965e-01 8.7403e-01 8.1733e-01 7.3069e-01 5.9787e-01
5.7933e-01 7.1657e-01 8.0134e-01 8.0954e-01 8.3272e-01 8.4229e-01 8.0952e-01 7.8231e-01 7.0499e-01 6.0829e-01
5.0653e-01 6.5409e-01 6.8152e-01 7.5166e-01 7.4420e-01 7.4055e-01 7.3564e-01 7.0044e-01 6.4445e-01 5.0995e-01
4.3083e-01 5.1918e-01 5.6245e-01 5.9833e-01 6.3885e-01 6.3439e-01 6.1628e-01 5.9819e-01 5.4218e-01 4.5037e-01
Time Step 21
4.3311e-01 5.3733e-01 5.8653e-01 6.1707e-01 6.1880e-01 6.3556e-01 6.1582e-01 5.7328e-01 5.2843e-01 4.4555e-01
5.1842e-01 6.4217e-01 7.2030e-01 7.3048e-01 7.7069e-01 7.4860e-01 7.5143e-01 6.9183e-01 6.4144e-01 5.1158e-01
5.5587e-01 7.1282e-01 7.8367e-01 8.2502e-01 8.4216e-01 8.5998e-01 8.3091e-01 7.9056e-01 7.2245e-01 5.8619e-01
6.1047e-01 7.3814e-01 8.3157e-01 8.4556e-01 8.9835e-01 8.8230e-01 8.3935e-01 7.9724e-01 7.4381e-01 5.8482e-01
6.2813e-01 7.6925e-01 8.3983e-01 8.8842e-01 8.6230e-01 9.2294e-01 8.8752e-01 8.4256e-01 7.6036e-01 6.4609e-01
6.3332e-01 7.6804e-01 8.4176e-01 8.7787e-01 9.0219e-01 8.9081e-01 8.7271e-01 8.4266e-01 7.4377e-01 6.1630e-01
6.1094e-01 7.3888e-01 8.3731e-01 8.3675e-01 8.9172e-01 8.8999e-01 8.4154e-01 8.1253e-01 7.2037e-01 6.0515e-01
5.7408e-01 7.1436e-01 7.9214e-01 8.3120e-01 8.3605e-01 8.3737e-01 8.2409e-01 7.6787e-01 7.1377e-01 5.6777e-01
5.3421e-01 6.7400e-01 7.0397e-01 7.3498e-01 7.9914e-01 7.6740e-01 7.3778e-01 6.9116e-01 6.5068e-01 5.4958e-01
4.1913e-01 5.3752e-01 5.7893e-01 6.0701e-01 6.0275e-01 6.1951e-01 6.3845e-01 5.6631e-01 5.0698e-01 4.2797e-01
Time Step 22
4.2821e-01 5.0199e-01 5.6583e-01 5.9294e-01 6.1097e-01 6.2748e-01 6.0196e-01 5.8397e-01 5.4340e-01 4.5545e-01
5.1982e-01 6.3100e-01 7.2888e-01 7.4273e-01 7.5561e-01 7.5082e-01 7.1724e-01 7.1095e-01 6.3848e-01 5.1346e-01
5.8230e-01 6.9857e-01 8.0984e-01 8.2659e-01 8.5929e-01 8.3540e-01 8.2559e-01 7.7073e-01 6.9935e-01 5.6650e-01
6.1163e-01 7.2325e-01 8.3063e-01 8.8638e-01 8.8660e-01 8.8655e-01 8.7209e-01 8.3651e-01 7.2096e-01 6.1224e-01
6.3844e-01 7.7391e-01 8.4362e-01 8.9970e-01 9.0672e-01 9.2797e-01 9.1089e-01 8.2236e-01 7.4775e-01 6.2206e-01
6.2857e-01 7.7629e-01 8.3633e-01 9.0705e-01 9.0950e-01 9.0919e-01 8.8177e-01 8.5448e-01 7.6518e-01 6.5042e-01
6.1424e-01 7.3484e-01 8.0884e-01 8.8564e-01 8.9410e-01 9.0471e-01 8.9596e-01 8.3621e-01 7.3784e-01 6.0083e-01
5.7638e-01 6.9283e-01 7.8915e-01 8.2082e-01 8.3973e-01 8.2309e-01 8.2138e-01 7.5334e-01 7.1137e-01 5.9694e-01
5.0528e-01 6.2266e-01 6.8027e-01 7.4454e-01 7.7697e-01 7.5863e-01 7.6351e-01 7.0343e-01 6.4320e-01 5.2121e-01
4.7181e-01 5.2061e-01 5.9231e-01 5.9118e-01 6.2828e-01 6.4020e-01 6.1689e-01 5.8493e-01 5.1611e-01 4.3077e-01
Time Step 23
4.5479e-01 5.1984e-01 5.9595e-01 6.0744e-01 6.0594e-01 6.3790e-01 6.1239e-01 5.8477e-01 5.2182e-01 4.6355e-01
5.2633e-01 6.4186e-01 7.0610e-01 7.5169e-01 7.5191e-01 7.6353e-01 7.5844e-01 6.9864e-01 6.3864e-01 5.2290e-01
5.7819e-01 7.0134e-01 7.8241e-01 8.3425e-01 8.6327e-01 8.2440e-01 8.1256e-01 7.7924e-01 7.1786e-01 5.9381e-01
5.9780e-01 7.5968e-01 8.4596e-01 8.9086e-01 8.8554e-01 9.0257e-01 8.8499e-01 8.0298e-01 7.4345e-01 6.0800e-01
6.3551e-01 7.6218e-01 8.7204e-01 8.9565e-01 9.1693e-01 9.1465e-01 9.0457e-01 8.2221e-01 7.6101e-01 6.4518e-01
6.2096e-01 7.5447e-01 8.3685e-01 8.9387e-01 9.0527e-01 9.1193e-01 8.8033e-01 8.4828e-01 7.7348e-01 6.2732e-01
6.0229e-01 7.5372e-01 8.1286e-01 8.5954e-01 8.8267e-01 8.9181e-01 8.5059e-01 8.2049e-01 7.5339e-01 5.9678e-01
5.4883e-01 6.9884e-01 7.7792e-01 8.1438e-01 8.4003e-01 8.2287e-01 8.2576e-01 7.6112e-01 6.9525e-01 6.0068e-01
5.1951e-01 6.3687e-01 7.0699e-01 7.3677e-01 7.4104e-01 7.6141e-01 7.3967e-01 7.2361e-01 6.5736e-01 5.5206e-01
4.2946e-01 5.3114e-01 5.6959e-01 6.2812e-01 6.4926e-01 6.2028e-01 5.9417e-01 5.6261e-01 5.2812e-01 4.2035e-01
Time Step 24
4.4564e-01 5.3040e-01 5.8569e-01 6.2448e-01 6.1232e-01 6.2764e-01 6.0673e-01 5.6072e-01 5.3545e-01 4.2877e-01
5.1961e-01 6.3098e-01 7.2089e-01 7.2165e-01 7.6900e-01 7.6266e-01 7.4734e-01 7.0284e-01 6.2201e-01 5.2392e-01
5.7639e-01 6.9209e-01 7.7695e-01 8.2130e-01 8.1933e-01 8.6053e-01 8.1732e-01 7.8678e-01 7.1215e-01 5.7842e-01
6.2310e-01 7.4674e-01 8.3233e-01 8.6360e-01 8.6429e-01 8.8318e-01 8.5383e-01 8.2091e-01 7.3412e-01 5.8279e-01
6.1341e-01 7.4953e-01 8.6814e-01 8.9304e-01 9.0331e-01 8.9298e-01 8.6815e-01 8.5906e-01 7.6999e-01 6.4392e-01
6.3098e-01 7.7429e-01 8.5285e-01 8.6481e-01 9.0055e-01 9.0854e-01 8.7120e-01 8.2442e-01 7.4748e-01 6.5154e-01
6.1477e-01 7.3919e-01 8.0201e-01 8.6388e-01 8.9605e-01 9.0482e-01 8.6724e-01 8.3007e-01 7.4097e-01 6.0560e-01
5.7707e-01 6.7187e-01 7.6890e-01 7.7644e-01 8.5070e-01 8.5164e-01 8.1309e-01 7.7639e-01 7.0717e-01 5.7702e-01
5.1904e-01 6.3864e-01 7.2153e-01 7.5190e-01 7.6227e-01 7.6776e-01 7.3769e-01 7.1051e-01 6.3136e-01 4.9962e-01
4.2611e-01 5.0994e-01 5.8106e-01 5.9475e-01 6.1275e-01 6.4106e-01 5.9949e-01 5.8007e-01 5.3782e-01 4.2224e-01
Time Step 25
4.2719e-01 5.0530e-01 5.9618e-01 6.0334e-01 6.0931e-01 6.1149e-01 6.3670e-01 5.8668e-01 5.2004e-01 4.5102e-01
5.2978e-01 6.1937e-01 7.2202e-01 7.3818e-01 7.5559e-01 7.4034e-01 7.2117e-01 6.9594e-01 6.2495e-01 5.1823e-01
5.7600e-01 7.1900e-01 7.7293e-01 8.1701e-01 8.5234e-01 8.4536e-01 8.3348e-01 7.8914e-01 7.0262e-01 5.8313e-01
6.2029e-01 7.5632e-01 8.1106e-01 8.3063e-01 9.0393e-01 9.0074e-01 8.5075e-01 8.5336e-01 7.2641e-01 6.0193e-01
6.0740e-01 7.4779e-01 8.4404e-01 8.8946e-01 9.1910e-01 9.2440e-01 8.6904e-01 8.5220e-01 7.6767e-01 6.2461e-01
6.2347e-01 7.5975e-01 8.3348e-01 8.9718e-01 9.3158e-01 9.0151e-01 8.7683e-01 8.3520e-01 7.6599e-01 6.1915e-01
6.0935e-01 7.2486e-01 8.2540e-01 8.8024e-01 8.8179e-01 8.9842e-01 9.0739e-01 8.3533e-01 7.2222e-01 6.1635e-01
5.7278e-01 6.8930e-01 7.9953e-01 8.3515e-01 8.4873e-01 8.5779e-01 8.2616e-01 7.6867e-01 6.8946e-01 5.6201e-01
5.2086e-01 6.6112e-01 7.1300e-01 7.5858e-01 7.6457e-01 7.5180e-01 7.4213e-01 6.9297e-01 6.3946e-01 5.2128e-01
4.4309e-01 5.2170e-01 5.8579e-01 5.8756e-01 6.4082e-01 6.2456e-01 6.0081e-01 5.8271e-01 5.2482e-01 4.2827e-01
Time Step 26
4.2863e-01 5.2034e-01 5.9597e-01 6.0904e-01 6.2003e-01 6.3811e-01 5.8661e-01 5.6986e-01 5.1933e-01 4.3168e-01
5.1633e-01 6.2591e-01 7.1243e-01 7.3427e-01 7.6313e-01 7.7482e-01 7.6147e-01 7.2332e-01 6.5115e-01 5.3134e-01
5.8338e-01 7.3648e-01 7.7437e-01 8.1075e-01 8.4771e-01 8.6957e-01 8.4188e-01 7.8325e-01 7.1570e-01 5.7551e-01
6.0984e-01 7.2370e-01 8.7023e-01 8.7868e-01 9.2645e-01 8.7592e-01 8.6523e-01 8.4818e-01 7.4015e-01 6.2294e-01
6.1788e-01 7.5998e-01 8.2974e-01 9.1384e-01 9.1948e-01 9.6006e-01 8.7128e-01 8.3220e-01 7.3800e-01 6.2428e-01
6.2526e-01 7.5999e-01 8.5239e-01 8.7628e-01 9.0461e-01 8.9541e-01 8.9672e-01 8.3728e-01 7.7560e-01 6.3125e-01
5.9465e-01 7.4342e-01 8.2138e-01 8.4053e-01 8.8880e-01 8.8031e-01 8.6929e-01 8.4576e-01 7.5666e-01 6.2682e-01
5.7957e-01 7.0237e-01 7.4843e-01 8.2263e-01 8.4829e-01 8.6176e-01 8.2348e-01 7.8424e-01 7.1984e-01 5.8016e-01
5.5064e-01 6.5090e-01 6.9778e-01 7.2821e-01 7.5404e-01 7.6671e-01 7.2977e-01 7.1137e-01 6.3046e-01 5.4180e-01
4.5032e-01 5.3903e-01 5.7324e-01 6.0822e-01 6.2145e-01 6.2146e-01 6.1559e-01 5.7183e-01 5.0072e-01 4.5407e-01
Time Step 27
4.2193e-01 5.2219e-01 5.8715e-01 5.9995e-01 6.1799e-01 6.2953e-01 6.2876e-01 5.4140e-01 5.4773e-01 4.4845e-01
5.1476e-01 6.3305e-01 7.1443e-01 7.5076e-01 7.7792e-01 7.7389e-01 7.6000e-01 7.0218e-01 6.4284e-01 5.1814e-01
5.8542e-01 7.0541e-01 7.6007e-01 8.2187e-01 8.5753e-01 8.4646e-01 8.2691e-01 7.8480e-01 7.2194e-01 5.8662e-01
6.1049e-01 7.3068e-01 8.1056e-01 8.6363e-01 8.8245e-01 8.9981e-01 8.8135e-01 8.3872e-01 7.4793e-01 5.9728e-01
6.1326e-01 7.3265e-01 8.2988e-01 8.7860e-01 9.2445e-01 8.9620e-01 8.7395e-01 8.6838e-01 7.5269e-01 6.2662e-01
6.1470e-01 7.6168e-01 8.3772e-01 8.8886e-01 9.1457e-01 9.2916e-01 9.2180e-01 8.2930e-01 7.4318e-01 6.1568e-01
6.0276e-01 7.3631e-01 8.2802e-01 8.8723e-01 8.9480e-01 9.1093e-01 8.7234e-01 8.4107e-01 7.2294e-01 6.1529e-01
5.5268e-01 6.9362e-01 7.8349e-01 8.1050e-01 8.3501e-01 8.0550e-01 8.3393e-01 7.7827e-01 7.3279e-01 5.7805e-01
5.2324e-01 6.2977e-01 7.1411e-01 7.2870e-01 7.5031e-01 7.6093e-01 7.6481e-01 6.9264e-01 6.2076e-01 5.2641e-01
4.4524e-01 5.4389e-01 5.9580e-01 5.9494e-01 6.0355e-01 6.3703e-01 6.2698e-01 5.8111e-01 5.5774e-01 4.3696e-01
Time Step 28
4.2604e-01 5.2094e-01 5.9641e-01 6.1152e-01 6.2915e-01 6.0381e-01 5.9838e-01 5.7707e-01 5.5149e-01 4.5033e-01
5.2549e-01 6.5883e-01 7.0726e-01 7.2872e-01 7.4502e-01 7.6167e-01 7.2191e-01 7.1717e-01 6.4857e-01 5.3968e-01
5.9953e-01 6.8288e-01 7.7563e-01 8.1352e-01 8.3626e-01 8.3598e-01 8.0433e-01 7.8047e-01 7.0290e-01 5.8614e-01
5.9106e-01 7.2858e-01 8.3436e-01 8.8897e-01 8.9882e-01 8.7613e-01 8.5637e-01 8.0969e-01 7.2449e-01 5.9875e-01
6.3890e-01 7.5967e-01 8.6351e-01 8.8144e-01 9.0720e-01 8.8276e-01 9.0529e-01 8.3359e-01 7.6059e-01 6.2119e-01
6.3476e-01 7.8918e-01 8.4833e-01 9.1131e-01 9.1410e-01 8.9898e-01 8.7342e-01 8.5498e-01 7.6294e-01 5.9884e-01
6.0863e-01 7.5175e-01 8.1704e-01 8.7143e-01 8.7923e-01 8.8775e-01 8.9992e-01 8.2196e-01 7.4540e-01 6.0526e-01
6.0112e-01 7.0928e-01 7.6228e-01 8.0391e-01 8.0727e-01 8.4742e-01 8.2277e-01 7.7653e-01 7.1366e-01 5.6695e-01
5.3376e-01 6.4979e-01 6.9323e-01 7.3862e-01 7.6004e-01 7.8320e-01 7.2832e-01 6.9764e-01 6.5557e-01 5.2945e-01
4.2787e-01 5.3063e-01 5.5425e-01 5.9140e-01 5.9209e-01 6.1417e-01 6.2041e-01 5.6533e-01 5.3503e-01 4.2881e-01
Time Step 29
4.1295e-01 5.3861e-01 5.6081e-01 5.9179e-01 6.2599e-01 6.1696e-01 5.9224e-01 6.0207e-01 5.1138e-01 4.4261e-01
5.4176e-01 6.3847e-01 7.0424e-01 7.1488e-01 7.5992e-01 7.3352e-01 7.3468e-01 7.0412e-01 6.2446e-01 5.1113e-01
5.8494e-01 7.3207e-01 7.7297e-01 8.5082e-01 8.6891e-01 8.3508e-01 8.0259e-01 7.7009e-01 7.0054e-01 5.6515e-01
6.2270e-01 7.5644e-01 8.0537e-01 8.7168e-01 8.9357e-01 8.7373e-01 8.6097e-01 8.2048e-01 7.3431e-01 5.9206e-01
6.3297e-01 7.4216e-01 8.5741e-01 8.8239e-01 9.3553e-01 9.3993e-01 9.0884e-01 8.4566e-01 7.4701e-01 6.6109e-01
6.0485e-01 7.5952e-01 8.4302e-01 8.8699e-01 8.9988e-01 9.1449e-01 8.7968e-01 8.6508e-01 7.5326e-01 6.1399e-01
6.2787e-01 7.2904e-01 8.3850e-01 8.8304e-01 8.7856e-01 8.7275e-01 8.7522e-01 8.2672e-01 7.2376e-01 5.9363e-01
5.8349e-01 6.9785e-01 8.1953e-01 8.0085e-01 8.4946e-01 8.4774e-01 8.3083e-01 7.7302e-01 7.1096e-01 5.7258e-01
5.2474e-01 6.1646e-01 6.9806e-01 7.5221e-01 7.3799e-01 7.4802e-01 7.3008e-01 7.0045e-01 6.2912e-01 5.2125e-01
4.3500e-01 5.2068e-01 5.6566e-01 6.0641e-01 6.5733e-01 6.1478e-01 6.0381e-01 5.8003e-01 5.3359e-01 4.5354e-01
Time Step 30
4.5346e-01 5.1046e-01 5.6694e-01 5.9758e-01 6.2963e-01 6.1568e-01 5.8172e-01 5.6191e-01 5.1908e-01 4.2774e-01
5.2280e-01 6.2300e-01 7.0676e-01 7.4234e-01 7.7019e-01 7.7774e-01 7.2754e-01 6.9615e-01 6.5736e-01 5.3958e-01
5.7382e-01 6.9552e-01 7.8482e-01 8.3906e-01 8.3366e-01 8.3477e-01 8.2927e-01 7.9898e-01 7.2872e-01 5.6512e-01
6.0157e-01 7.7087e-01 8.1247e-01 8.8497e-01 8.8528e-01 8.8651e-01 8.7802e-01 8.2375e-01 7.5775e-01 6.1635e-01
5.9810e-01 7.6970e-01 8.3031e-01 9.0447e-01 8.9234e-01 9.2718e-01 8.7526e-01 8.4039e-01 7.5321e-01 6.3444e-01
6.2150e-01 7.2547e-01 8.5476e-01 9.0602e-01 9.3394e-01 9.0004e-01 8.9550e-01 8.5127e-01 7.5329e-01 6.1244e-01
6.2929e-01 7.6327e-01 8.2657e-01 8.5755e-01 8.6311e-01 8.9931e-01 8.5984e-01 8.1391e-01 7.5070e-01 6.2000e-01
5.8958e-01 6.9665e-01 7.7083e-01 8.4753e-01 8.2192e-01 8.1653e-01 8.3960e-01 7.8431e-01 7.1838e-01 5.6662e-01
4.9867e-01 6.2690e-01 6.8251e-01 7.2376e-01 7.6151e-01 7.5532e-01 7.4839e-01 6.7763e-01 6.4151e-01 5.2319e-01
4.4731e-01 5.3668e-01 5.9582e-01 5.9317e-01 6.2631e-01 6.4074e-01 6.1593e-01 5.7431e-01 5.2405e-01 4.2875e-01
Time Step 31
4.4445e-01 5.1276e-01 5.7867e-01 6.2422e-01 6.1377e-01 5.8812e-01 5.8631e-01 5.8679e-01 5.4668e-01 4.2792e-01
5.3030e-01 6.2662e-01 6.9433e-01 7.4883e-01 7.8765e-01 7.4764e-01 7.4051e-01 6.7852e-01 6.3578e-01 5.1847e-01
5.5744e-01 7.4056e-01 7.8899e-01 8.1713e-01 8.2708e-01 8.7533e-01 7.9519e-01 7.8888e-01 6.8784e-01 5.7592e-01
6.1082e-01 7.7335e-01 7.9478e-01 8.5527e-01 8.9657e-01 8.9136e-01 8.7552e-01 8.2310e-01 7.5917e-01 6.0726e-01
6.2368e-01 7.7882e-01 8.7671e-01 8.8805e-01 9.0936e-01 9.1595e-01 8.8524e-01 8.5342e-01 7.7283e-01 6.2891e-01
6.3157e-01 7.6089e-01 8.2438e-01 9.0227e-01 9.0971e-01 8.9896e-01 8.8694e-01 8.3868e-01 7.6527e-01 6.3368e-01
6.0759e-01 7.4534e-01 7.9857e-01 8.7427e-01 8.7578e-01 8.6045e-01 8.7268e-01 8.3656e-01 7.2647e-01 6.0862e-01
5.7809e-01 7.1850e-01 7.9465e-01 8.0846e-01 8.3835e-01 8.4901e-01 8.4075e-01 7.5067e-01 7.1002e-01 5.5495e-01
5.5059e-01 6.6169e-01 7.1211e-01 7.4273e-01 7.7467e-01 7.5500e-01 7.1952e-01 7.2623e-01 6.2651e-01 5.2506e-01
4.1247e-01 5.3140e-01 6.0425e-01 6.0388e-01 6.2190e-01 6.0240e-01 6.1795e-01 5.7976e-01 5.2779e-01 4.2771e-01
Time Step 32
4.4517e-01 5.2628e-01 6.0498e-01 6.1238e-01 6.4695e-01 6.0992e-01 6.1720e-01 5.8226e-01 5.2387e-01 4.4139e-01
5.1789e-01 6.3005e-01 7.0279e-01 7.4698e-01 7.7045e-01 7.6648e-01 7.5852e-01 7.3039e-01 6.3073e-01 5.1176e-01
5.8348e-01 7.0561e-01 7.6784e-01 8.2229e-01 8.5329e-01 8.6565e-01 8.3049e-01 7.8720e-01 7.0801e-01 5.6852e-01
5.9190e-01 7.3090e-01 8.3293e-01 8.8205e-01 8.8568e-01 9.0099e-01 8.7895e-01 8.3881e-01 7.4311e-01 6.0079e-01
6.1930e-01 7.8677e-01 8.4095e-01 8.7827e-01 8.9373e-01 8.9159e-01 8.7946e-01 8.3456e-01 7.3028e-01 6.3128e-01
6.2532e-01 7.5883e-01 8.4261e-01 8.9026e-01 9.2802e-01 8.8343e-01 8.7704e-01 8.5798e-01 7.6979e-01 6.2703e-01
6.0225e-01 7.3919e-01 8.2204e-01 8.7306e-01 9.1222e-01 9.0335e-01 8.7818e-01 8.1313e-01 7.3961e-01 6.2033e-01
5.6898e-01 7.1033e-01 7.7130e-01 8.0199e-01 8.3929e-01 8.3359e-01 7.8762e-01 7.9335e-01 6.8871e-01 5.7048e-01
5.0670e-01 6.2878e-01 7.3314e-01 7.4016e-01 7.7955e-01 7.5141e-01 7.3932e-01 6.8794e-01 6.4612e-01 5.4212e-01
4.1777e-01 5.2030e-01 5.6372e-01 5.9993e-01 6.2949e-01 6.0651e-01 6.0767e-01 5.6934e-01 5.0602e-01 4.4253e-01
Time Step 33
4.4715e-01 5.2669e-01 5.6988e-01 6.0589e-01 6.2999e-01 6.2555e-01 6.1185e-01 5.8555e-01 5.3529e-01 4.4436e-01
5.2826e-01 6.4381e-01 7.1083e-01 7.6481e-01 7.6810e-01 7.5508e-01 7.3307e-01 7.4015e-01 6.6150e-01 5.3942e-01
5.8131e-01 7.0333e-01 8.0368e-01 8.2918e-01 8.2286e-01 8.3796e-01 8.4266e-01 7.7448e-01 7.0898e-01 5.6885e-01
6.1892e-01 7.5625e-01 8.2918e-01 8.7221e-01 9.1295e-01 8.6832e-01 9.0018e-01 8.2010e-01 7.3916e-01 5.7449e-01
6.2948e-01 7.6111e-01 8.8389e-01 8.8413e-01 9.2261e-01 9.1915e-01 9.3284e-01 8.2913e-01 7.6151e-01 6.1641e-01
6.0376e-01 7.5844e-01 8.3786e-01 8.9140e-01 9.0236e-01 9.0417e-01 8.8059e-01 8.4003e-01 7.4911e-01 6.2970e-01
5.9857e-01 7.5089e-01 7.9945e-01 8.5691e-01 8.9953e-01 8.9038e-01 8.7763e-01 8.0003e-01 7.4436e-01 6.1361e-01
5.8660e-01 7.0384e-01 7.7672e-01 8.2166e-01 8.1200e-01 8.3791e-01 8.2944e-01 7.7554e-01 7.1563e-01 5.8771e-01
5.5415e-01 6.2600e-01 6.8513e-01 7.2954e-01 7.7204e-01 7.4468e-01 7.5292e-01 6.9814e-01 6.4294e-01 5.2492e-01
4.5426e-01 5.1781e-01 5.6887e-01 6.0650e-01 6.1895e-01 6.1580e-01 5.9521e-01 5.7555e-01 5.2628e-01 4.4863e-01
Time Step 34
4.7275e-01 5.3065e-01 5.7980e-01 5.8318e-01 6.2019e-01 6.1493e-01 6.0720e-01 5.7881e-01 5.4191e-01 4.4304e-01
5.1376e-01 6.4258e-01 6.9637e-01 7.5197e-01 7.4994e-01 7.8139e-01 7.5241e-01 7.1605e-01 6.2036e-01 5.4112e-01
5.9978e-01 7.0296e-01 7.7667e-01 8.0872e-01 8.4189e-01 8.6264e-01 8.5143e-01 7.7162e-01 6.9790e-01 5.9257e-01
6.0531e-01 7.1785e-01 8.1197e-01 8.6182e-01 9.0041e-01 8.8631e-01 8.7816e-01 8.1275e-01 7.5205e-01 6.0910e-01
6.2480e-01 7.7261e-01 8.2603e-01 8.9019e-01 9.2564e-01 9.0351e-01 8.6409e-01 8.3440e-01 7.5416e-01 6.2254e-01
6.1318e-01 7.5249e-01 8.5167e-01 9.0186e-01 9.2424e-01 9.1632e-01 8.6442e-01 8.4159e-01 7.3900e-01 6.0606e-01
5.9418e-01 7.3563e-01 8.2249e-01 8.6023e-01 8.8471e-01 9.0401e-01 8.4145e-01 8.2419e-01 7.5445e-01 6.0420e-01
5.8152e-01 7.3452e-01 7.6764e-01 8.1269e-01 8.2541e-01 8.2560e-01 8.1512e-01 7.6726e-01 6.9347e-01 5.9130e-01
5.4163e-01 6.4566e-01 7.2040e-01 7.2946e-01 7.8038e-01 7.8327e-01 7.5354e-01 7.2389e-01 6.3705e-01 5.2968e-01
4.3678e-01 5.0920e-01 5.8003e-01 5.9756e-01 6.2253e-01 6.3474e-01 6.0389e-01 5.6478e-01 5.1945e-01 4.3444e-01
Time Step 35
4.3740e-01 5.1973e-01 5.7864e-01 6.2133e-01 6.0868e-01 6.3224e-01 5.7049e-01 5.6780e-01 5.3463e-01 4.3123e-01
5.2486e-01 6.4445e-01 6.9608e-01 7.2407e-01 7.5424e-01 7.4812e-01 7.5530e-01 7.1704e-01 6.5553e-01 5.0931e-01
5.5817e-01 7.0531e-01 7.5484e-01 8.2735e-01 8.1813e-01 8.6675e-01 8.0627e-01 7.7338e-01 7.2904e-01 5.6306e-01
6.1639e-01 7.2906e-01 8.1904e-01 8.8164e-01 8.7056e-01 8.8059e-01 8.7323e-01 8.2545e-01 7.4507e-01 5.8419e-01
6.2224e-01 7.7024e-01 8.3289e-01 9.0464e-01 9.1633e-01 9.3560e-01 8.7285e-01 8.5809e-01 7.6331e-01 6.0308e-01
6.0794e-01 7.6503e-01 8.2414e-01 8.8322e-01 9.1955e-01 9.1133e-01 9.1725e-01 8.3157e-01 7.9031e-01 6.4137e-01
6.2087e-01 7.4326e-01 8.1548e-01 8.7115e-01 9.0140e-01 8.9012e-01 8.7137e-01 8.4456e-01 7.4407e-01 6.0998e-01
5.9916e-01 7.0328e-01 7.6932e-01 8.3094e-01 8.6339e-01 8.3250e-01 8.2118e-01 7.7400e-01 7.1131e-01 5.7793e-01
5.1918e-01 6.2031e-01 7.2364e-01 7.3337e-01 8.0126e-01 7.8121e-01 7.3370e-01 6.9903e-01 6.4443e-01 5.4205e-01
4.2969e-01 5.1972e-01 5.8727e-01 5.8710e-01 6.2809e-01 6.2098e-01 5.9044e-01 5.6939e-01 5.1823e-01 4.5807e-01
Time Step 36
4.2498e-01 5.1056e-01 5.6399e-01 6.0139e-01 6.1341e-01 6.2400e-01 6.0664e-01 5.6119e-01 5.2374e-01 4.4497e-01
5.3409e-01 6.3270e-01 6.9763e-01 7.5812e-01 7.4229e-01 7.6100e-01 7.2731e-01 6.8081e-01 6.6195e-01 5.0427e-01
5.8075e-01 6.9602e-01 7.8927e-01 8.2252e-01 8.2770e-01 8.5518e-01 8.1563e-01 7.9795e-01 7.0118e-01 5.9072e-01
6.1681e-01 7.3905e-01 8.2630e-01 8.5533e-01 9.1118e-01 8.7356e-01 8.5818e-01 8.3202e-01 7.7220e-01 6.1220e-01
6.2324e-01 7.2276e-01 8.2747e-01 9.0578e-01 9.3577e-01 8.7919e-01 9.0148e-01 8.2954e-01 7.6973e-01 6.2420e-01
6.1560e-01 7.7703e-01 8.4382e-01 8.8223e-01 9.1883e-01 9.0742e-01 9.0032e-01 8.3880e-01 7.5464e-01 6.3978e-01
6.2306e-01 7.4984e-01 8.2694e-01 8.7583e-01 8.7550e-01 8.8238e-01 8.6848e-01 8.2035e-01 7.6764e-01 6.1268e-01
5.7240e-01 7.0557e-01 7.4873e-01 8.1874e-01 8.4387e-01 8.2306e-01 8.3143e-01 7.6533e-01 7.1629e-01 5.7455e-01
5.3438e-01 6.2441e-01 7.1045e-01 7.4659e-01 7.3989e-01 7.9996e-01 7.4252e-01 7.1765e-01 6.5614e-01 5.1506e-01
4.3710e-01 5.2877e-01 5.5823e-01 6.1296e-01 6.2680e-01 6.2190e-01 6.2102e-01 5.7422e-01 5.2506e-01 4.2236e-01
Time Step 37
4.4095e-01 5.0233e-01 5.8243e-01 6.2567e-01 6.1418e-01 6.0765e-01 5.8710e-01 5.7836e-01 5.2432e-01 4.4960e-01
5.3454e-01 6.3540e-01 7.2865e-01 7.3179e-01 7.4906e-01 7.5344e-01 7.4085e-01 7.2047e-01 6.2673e-01 5.4234e-01
5.6175e-01 7.2259e-01 7.6611e-01 8.0409e-01 8.5168e-01 8.4909e-01 8.4491e-01 7.6422e-01 6.9796e-01 5.8807e-01
6.2204e-01 7.6728e-01 8.2029e-01 8.4765e-01 8.8420e-01 8.9330e-01 8.4909e-01 8.1223e-01 7.6426e-01 6.1520e-01
6.2075e-01 7.5819e-01 8.2714e-01 8.7874e-01 9.2158e-01 9.1587e-01 9.1874e-01 8.6116e-01 7.8455e-01 6.2541e-01
5.9189e-01 7.7174e-01 8.1385e-01 8.9470e-01 9.2831e-01 9.0101e-01 8.7327e-01 8.2272e-01 7.4345e-01 6.1823e-01
6.0152e-01 7.3232e-01 8.3639e-01 8.7837e-01 8.7946e-01 8.8377e-01 8.4335e-01 8.3381e-01 7.6113e-01 6.1645e-01
5.9355e-01 6.9854e-01 7.9932e-01 8.3518e-01 8.3550e-01 8.2963e-01 8.2872e-01 7.6829e-01 7.1461e-01 5.5016e-01
5.3066e-01 6.5170e-01 7.0521e-01 7.4772e-01 7.7115e-01 7.7158e-01 7.4938e-01 6.9951e-01 6.4352e-01 5.4284e-01
4.1810e-01 5.4544e-01 5.9605e-01 6.0806e-01 6.2104e-01 6.2660e-01 6.1228e-01 5.7500e-01 5.2760e-01 4.3042e-01
Time Step 38
4.4689e-01 5.1363e-01 5.8811e-01 6.1101e-01 6.2886e-01 6.1762e-01 6.0610e-01 5.7251e-01 5.3456e-01 4.4642e-01
5.3191e-01 6.3650e-01 6.8659e-01 7.3381e-01 7.6743e-01 7.6946e-01 7.1361e-01 7.2416e-01 6.2482e-01 5.2327e-01
5.8848e-01 6.9759e-01 7.8885e-01 8.1863e-01 8.3414e-01 8.4320e-01 8.2079e-01 7.7596e-01 7.0358e-01 5.8836e-01
6.0611e-01 7.4497e-01 8.2557e-01 8.6516e-01 8.8767e-01 9.0911e-01 8.6266e-01 8.0402e-01 7.4633e-01 6.0581e-01
6.2506e-01 7.6494e-01 8.2042e-01 8.9469e-01 9.2652e-01 9.1917e-01 8.8140e-01 8.5229e-01 7.6424e-01 6.2557e-01
6.3727e-01 7.5252e-01 8.3928e-01 8.8027e-01 8.9775e-01 9.2326e-01 8.8107e-01 8.1805e-01 7.6322e-01 6.1592e-01
6.1490e-01 7.1893e-01 8.1019e-01 8.8253e-01 9.0614e-01 8.6737e-01 8.6603e-01 8.1292e-01 7.4547e-01 6.0632e-01
5.8199e-01 6.6862e-01 7.8526e-01 8.1484e-01 8.7730e-01 8.2892e-01 8.5672e-01 8.0157e-01 7.1172e-01 5.6643e-01
5.1896e-01 6.5435e-01 7.1572e-01 7.2560e-01 7.5809e-01 7.5460e-01 7.3437e-01 6.8786e-01 6.4498e-01 5.2672e-01
4.5227e-01 5.3628e-01 5.7800e-01 6.2062e-01 6.1041e-01 6.0892e-01 6.1445e-01 5.9136e-01 5.3226e-01 4.3542e-01
Time Step 39
4.2528e-01 5.3630e-01 5.7533e-01 5.9964e-01 6.2419e-01 6.4244e-01 6.1161e-01 5.6785e-01 5.2213e-01 4.2726e-01
5.2093e-01 6.5024e-01 7.1239e-01 7.2144e-01 7.4788e-01 7.5681e-01 7.5982e-01 6.9580e-01 6.4306e-01 5.3016e-01
5.6031e-01 7.0751e-01 7.9868e-01 8.2156e-01 8.6232e-01 8.3533e-01 8.2318e-01 7.8172e-01 7.2174e-01 6.0076e-01
6.0931e-01 7.4798e-01 8.3368e-01 8.7952e-01 8.7280e-01 8.7342e-01 8.9037e-01 8.2363e-01 7.4783e-01 6.0891e-01
6.2543e-01 7.5067e-01 8.7379e-01 8.8726e-01 8.9939e-01 9.0588e-01 9.1058e-01 8.2862e-01 7.6524e-01 6.1802e-01
6.2991e-01 7.5796e-01 8.3338e-01 8.9289e-01 8.8835e-01 9.0948e-01 9.0894e-01 8.3889e-01 7.8604e-01 6.1034e-01
6.0042e-01 7.7225e-01 7.8084e-01 8.4387e-01 9.1594e-01 8.7118e-01 8.5792e-01 8.1516e-01 7.5795e-01 6.0013e-01
6.0719e-01 6.7771e-01 7.7300e-01 8.4232e-01 8.3778e-01 8.2501e-01 8.0793e-01 7.6643e-01 7.0558e-01 5.7223e-01
5.2001e-01 6.5291e-01 6.8588e-01 7.5763e-01 7.5474e-01 7.6107e-01 7.2417e-01 7.0242e-01 6.1290e-01 5.2557e-01
4.4987e-01 5.2174e-01 5.7416e-01 6.0569e-01 6.2604e-01 6.1337e-01 6.0587e-01 5.7635e-01 5.2549e-01 4.2747e-01
Time Step 40
4.4881e-01 5.1937e-01 5.7785e-01 6.2033e-01 6.1739e-01 6.2610e-01 6.2779e-01 5.6885e-01 5.3184e-01 4.4184e-01
5.2688e-01 6.5320e-01 6.9798e-01 7.8168e-01 7.7948e-01 7.5970e-01 7.5425e-01 7.1198e-01 6.4646e-01 5.3894e-01
5.8352e-01 7.1144e-01 7.8309e-01 8.0033e-01 8.6787e-01 8.3543e-01 7.9216e-01 7.8481e-01 7.2669e-01 5.7305e-01
6.0121e-01 7.2756e-01 8.1819e-01 8.5723e-01 8.8646e-01 8.8311e-01 8.7676e-01 8.1885e-01 7.3575e-01 6.2330e-01
6.3330e-01 7.3856e-01 8.5130e-01 8.8068e-01 9.1265e-01 9.1963e-01 8.8512e-01 8.4686e-01 7.5324e-01 6.0522e-01
6.2171e-01 7.8618e-01 8.2914e-01 8.7446e-01 9.3280e-01 9.1585e-01 8.9642e-01 8.7294e-01 7.6449e-01 6.1464e-01
5.9393e-01 7.5136e-01 8.1602e-01 8.9264e-01 8.8318e-01 9.0076e-01 8.5693e-01 8.4570e-01 7.2424e-01 6.0684e-01
5.7654e-01 7.0940e-01 7.7883e-01 8.0296e-01 8.5489e-01 8.3233e-01 8.1185e-01 7.6407e-01 7.0776e-01 5.5052e-01
5.2164e-01 6.4151e-01 6.9675e-01 7.7075e-01 7.7383e-01 7.5279e-01 7.3911e-01 7.0941e-01 6.6018e-01 5.2041e-01
4.3173e-01 5.1220e-01 5.6275e-01 6.0435e-01 6.3393e-01 6.1758e-01 6.0821e-01 5.8104e-01 5.3435e-01 4.3072e-01
Time Step 41
4.3220e-01 5.2339e-01 5.7396e-01 6.1322e-01 6.2428e-01 6.1061e-01 6.1558e-01 5.7695e-01 5.2569e-01 4.4222e-01
5.1462e-01 6.3096e-01 7.0893e-01 7.6221e-01 7.3925e-01 7.6022e-01 7.2736e-01 7.0075e-01 6.4187e-01 5.1647e-01
5.6430e-01 6.7401e-01 7.6956e-01 8.1156e-01 8.3273e-01 8.3995e-01 8.1177e-01 8.0616e-01 6.9034e-01 5.5400e-01
6.1833e-01 7.5035e-01 8.2525e-01 8.9908e-01 8.9559e-01 8.6324e-01 8.5787e-01 8.3578e-01 7.2815e-01 6.0839e-01
6.2683e-01 7.6684e-01 8.6237e-01 8.9387e-01 9.0487e-01 8.8964e-01 8.7601e-01 8.3844e-01 7.6953e-01 6.3896e-01
6.2464e-01 7.6281e-01 8.4924e-01 8.8206e-01 9.2491e-01 9.0428e-01 8.8097e-01 8.3961e-01 7.5525e-01 6.3485e-01
6.0939e-01 7.5132e-01 8.2483e-01 8.6935e-01 8.9792e-01 8.8785e-01 8.6115e-01 8.6804e-01 7.5116e-01 6.2885e-01
5.8282e-01 6.9104e-01 7.7935e-01 8.2866e-01 8.6599e-01 8.5073e-01 7.9735e-01 7.8620e-01 6.9037e-01 5.8518e-01
5.3674e-01 6.3959e-01 7.4078e-01 7.6271e-01 7.4376e-01 7.7354e-01 7.0239e-01 6.9113e-01 6.5438e-01 5.2916e-01
4.3845e-01 5.3109e-01 5.5161e-01 6.1252e-01 6.4411e-01 6.1420e-01 6.0328e-01 5.8986e-01 5.0338e-01 4.3408e-01
Time Step 42
4.4350e-01 5.3502e-01 5.8024e-01 6.0885e-01 6.1158e-01 6.1588e-01 5.7283e-01 5.6888e-01 5.0667e-01 4.3568e-01
5.2332e-01 6.2916e-01 6.9804e-01 7.3254e-01 7.5750e-01 7.6841e-01 7.3723e-01 6.9945e-01 6.2270e-01 5.2235e-01
5.7948e-01 6.9625e-01 7.9593e-01 8.0829e-01 8.5207e-01 8.3468e-01 8.1097e-01 8.0756e-01 7.1423e-01 5.8186e-01
6.1803e-01 7.4093e-01 8.5035e-01 8.6784e-01 8.6664e-01 8.7734e-01 8.6969e-01 8.0670e-01 7.0425e-01 6.3113e-01
6.1074e-01 7.7306e-01 8.3815e-01 8.5995e-01 9.3736e-01 9.1333e-01 9.0780e-01 8.1621e-01 7.5690e-01 5.9464e-01
5.9916e-01 7.5113e-01 8.6307e-01 8.9025e-01 8.9761e-01 9.1716e-01 8.9349e-01 8.2777e-01 7.6824e-01 6.3876e-01
6.1514e-01 7.2752e-01 8.3073e-01 8.8566e-01 8.8236e-01 8.8842e-01 8.8827e-01 8.4017e-01 7.4816e-01 6.1168e-01
6.0617e-01 6.9864e-01 8.0801e-01 8.1944e-01 8.3599e-01 8.3380e-01 8.2881e-01 7.9057e-01 7.0240e-01 5.8147e-01
5.1539e-01 6.3940e-01 6.9577e-01 7.3826e-01 7.6225e-01 7.6872e-01 7.1632e-01 7.0988e-01 6.5949e-01 5.4916e-01
4.4630e-01 5.4096e-01 5.8675e-01 5.9678e-01 6.0500e-01 6.4413e-01 6.3228e-01 5.6176e-01 5.1808e-01 4.5884e-01
Time Step 43
4.5241e-01 5.1974e-01 5.6693e-01 6.3323e-01 6.0976e-01 6.2408e-01 6.0294e-01 5.8397e-01 5.1338e-01 4.2995e-01
5.1980e-01 6.4390e-01 7.1065e-01 7.4430e-01 7.4729e-01 7.5821e-01 7.7121e-01 7.2261e-01 6.5087e-01 5.1558e-01
5.7234e-01 6.9563e-01 7.7893e-01 8.6703e-01 8.2504e-01 8.3786e-01 8.1468e-01 7.9637e-01 6.8763e-01 5.7215e-01
6.0950e-01 7.7349e-01 8.2984e-01 8.4914e-01 8.7969e-01 9.2430e-01 8.6269e-01 8.0447e-01 7.3645e-01 6.2140e-01
6.0907e-01 7.7491e-01 8.4535e-01 8.5709e-01 8.9993e-01 9.0085e-01 9.0255e-01 8.4627e-01 7.4908e-01 6.1657e-01
6.2302e-01 7.5865e-01 8.2957e-01 8.8811e-01 9.0571e-01 9.0584e-01 8.9882e-01 8.2702e-01 7.5599e-01 6.3385e-01
6.1807e-01 7.3397e-01 8.2551e-01 8.5636e-01 8.7991e-01 8.8473e-01 8.6646e-01 8.1988e-01 7.2394e-01 6.0827e-01
5.5464e-01 7.1094e-01 7.8153e-01 8.2966e-01 8.5934e-01 8.2455e-01 8.3818e-01 7.7402e-01 7.1014e-01 5.7269e-01
5.2795e-01 6.5979e-01 7.1794e-01 7.4941e-01 7.3761e-01 7.2933e-01 7.1755e-01 7.2781e-01 6.2709e-01 5.2227e-01
4.1051e-01 5.4576e-01 5.6835e-01 6.1722e-01 6.3929e-01 6.2253e-01 6.0526e-01 5.6973e-01 5.2685e-01 4.3397e-01
Time Step 44
4.4387e-01 5.2944e-01 5.7543e-01 6.2060e-01 6.0428e-01 6.2253e-01 6.0009e-01 5.6615e-01 5.3955e-01 4.2620e-01
5.3216e-01 6.1115e-01 7.0349e-01 7.5425e-01 7.4374e-01 7.5884e-01 7.7186e-01 6.9566e-01 6.2489e-01 5.1750e-01
5.6429e-01 6.9771e-01 7.7586e-01 8.0812e-01 8.1345e-01 8.1267e-01 8.3588e-01 7.6971e-01 7.1581e-01 5.6946e-01
6.0440e-01 7.3465e-01 8.1169e-01 8.5022e-01 8.8191e-01 8.9205e-01 8.9064e-01 8.1583e-01 7.4641e-01 5.9759e-01
6.1598e-01 7.6488e-01 8.5012e-01 8.9230e-01 9.1085e-01 8.7509e-01 8.9503e-01 8.4280e-01 7.5231e-01 6.1050e-01
6.2444e-01 7.6663e-01 8.4372e-01 8.8867e-01 9.0604e-01 9.0114e-01 8.8891e-01 8.2442e-01 7.5234e-01 6.2677e-01
6.2364e-01 7.4753e-01 8.1202e-01 8.5833e-01 8.8548e-01 8.9314e-01 8.8489e-01 8.3187e-01 7.4695e-01 6.0862e-01
5.6382e-01 7.2643e-01 7.6462e-01 8.3070e-01 8.2292e-01 8.5731e-01 8.2437e-01 7.6712e-01 6.9664e-01 5.9921e-01
5.2374e-01 6.2771e-01 6.9034e-01 7.3647e-01 7.7812e-01 7.5278e-01 7.4118e-01 7.0626e-01 6.4289e-01 5.3337e-01
4.2806e-01 5.3158e-01 5.6453e-01 6.2866e-01 6.2956e-01 5.9685e-01 6.1135e-01 5.7858e-01 5.1092e-01 4.4380e-01
Time Step 45
4.4414e-01 5.3990e-01 5.8355e-01 6.2427e-01 6.1605e-01 6.2146e-01 6.0606e-01 5.5127e-01 5.2386e-01 4.6165e-01
5.3829e-01 6.5928e-01 6.9921e-01 7.4875e-01 7.4651e-01 7.5184e-01 7.3531e-01 7.1731e-01 6.6238e-01 4.9731e-01
6.0564e-01 7.2354e-01 7.5834e-01 8.2289e-01 8.3964e-01 8.3180e-01 8.2862e-01 7.7644e-01 6.8204e-01 5.6712e-01
6.1115e-01 7.3483e-01 8.4440e-01 8.7658e-01 9.1232e-01 8.6548e-01 8.5819e-01 8.2372e-01 7.4187e-01 6.0269e-01
6.1652e-01 7.6855e-01 8.2315e-01 8.6544e-01 9.0652e-01 9.0951e-01 8.8392e-01 8.3832e-01 7.5472e-01 6.1418e-01
6.4105e-01 7.7803e-01 8.7024e-01 8.9892e-01 8.9466e-01 9.0329e-01 8.7481e-01 8.4791e-01 7.8665e-01 6.2204e-01
5.8495e-01 7.2317e-01 8.2774e-01 8.2960e-01 8.9084e-01 8.7365e-01 8.6364e-01 8.2634e-01 7.6446e-01 6.1600e-01
5.7484e-01 6.9339e-01 7.6899e-01 8.0478e-01 8.6136e-01 8.4127e-01 8.2107e-01 7.8803e-01 7.0493e-01 5.8372e-01
5.2673e-01 6.3534e-01 7.2763e-01 7.2161e-01 7.8883e-01 7.3140e-01 7.3338e-01 6.9649e-01 6.5370e-01 5.0556e-01
4.2170e-01 5.3220e-01 5.5626e-01 6.3390e-01 6.2503e-01 6.4850e-01 6.2168e-01 5.6342e-01 5.3852e-01 4.3083e-01
Time Step 46
4.3958e-01 5.2086e-01 5.7963e-01 5.9358e-01 6.2362e-01 6.3285e-01 5.9150e-01 5.7376e-01 5.4345e-01 4.2730e-01
5.0883e-01 6.1918e-01 6.9213e-01 7.3640e-01 7.6781e-01 7.3003e-01 7.4480e-01 7.2225e-01 6.5396e-01 5.3073e-01
6.0115e-01 7.1961e-01 7.8897e-01 8.0716e-01 8.5188e-01 8.6696e-01 8.2343e-01 7.9506e-01 6.7594e-01 5.4280e-01
5.8070e-01 7.4894e-01 7.9926e-01 8.7594e-01 8.7513e-01 9.1099e-01 8.7103e-01 8.3731e-01 7.4603e-01 6.0531e-01
6.0888e-01 7.6232e-01 8.6249e-01 8.9835e-01 9.2417e-01 9.1399e-01 9.1357e-01 8.2368e-01 7.6489e-01 6.2205e-01
6.0954e-01 7.8134e-01 8.4680e-01 8.9470e-01 9.1905e-01 9.3118e-01 9.0151e-01 8.5393e-01 7.5757e-01 6.1705e-01
6.1484e-01 7.6033e-01 7.9356e-01 8.6944e-01 9.0354e-01 9.1028e-01 8.6642e-01 8.1820e-01 7.3498e-01 5.8188e-01
5.7383e-01 6.9534e-01 8.0526e-01 8.3834e-01 8.3355e-01 8.4640e-01 8.2270e-01 7.6844e-01 7.1341e-01 5.7648e-01
5.3234e-01 6.2943e-01 6.9301e-01 7.3241e-01 7.4927e-01 7.6245e-01 7.4570e-01 7.0983e-01 6.3157e-01 5.3066e-01
4.1709e-01 5.2428e-01 5.8454e-01 5.9785e-01 6.1774e-01 6.2262e-01 6.2596e-01 5.7150e-01 5.2756e-01 4.2807e-01
Time Step 47
4.3195e-01 5.3237e-01 5.4933e-01 6.2507e-01 6.3652e-01 6.2773e-01 6.3539e-01 5.6230e-01 5.3861e-01 4.2991e-01
5.2103e-01 6.4613e-01 7.1611e-01 7.4217e-01 7.3723e-01 7.6056e-01 7.4136e-01 7.1000e-01 6.3771e-01 5.3211e-01
5.9062e-01 7.0810e-01 7.5958e-01 8.1663e-01 8.5332e-01 8.5245e-01 8.2754e-01 7.8169e-01 7.1771e-01 5.7139e-01
6.1254e-01 7.4877e-01 8.5308e-01 8.5326e-01 8.9956e-01 8.9946e-01 8.7238e-01 8.2593e-01 7.4077e-01 6.0235e-01
6.3268e-01 7.5132e-01 8.4802e-01 8.7130e-01 9.0396e-01 9.0715e-01 9.0514e-01 8.4186e-01 7.5707e-01 6.2390e-01
6.2497e-01 7.6154e-01 8.4703e-01 8.9843e-01 9.2422e-01 9.2129e-01 8.5954e-01 8.2633e-01 7.5367e-01 6.1622e-01
5.9913e-01 7.1559e-01 8.1826e-01 8.6763e-01 8.7217e-01 8.8700e-01 8.5442e-01 8.2000e-01 7.4452e-01 6.2064e-01
5.6744e-01 7.0698e-01 8.1682e-01 8.2966e-01 8.4325e-01 8.3512e-01 8.3631e-01 7.6724e-01 7.0983e-01 5.4881e-01
5.3893e-01 6.6378e-01 7.0367e-01 7.4055e-01 7.5671e-01 7.8232e-01 7.5751e-01 7.2055e-01 6.4486e-01 5.0547e-01
4.4762e-01 5.2224e-01 5.5965e-01 6.0718e-01 6.2337e-01 5.9769e-01 5.8513e-01 5.8080e-01 5.3812e-01 4.3842e-01
Time Step 48
4.5267e-01 5.2627e-01 5.7101e-01 5.9762e-01 6.3015e-01 6.3076e-01 6.2903e-01 5.5325e-01 5.2911e-01 4.3213e-01
5.3611e-01 6.6565e-01 7.0007e-01 7.4862e-01 7.5880e-01 7.3962e-01 7.3694e-01 7.0895e-01 6.4902e-01 5.1570e-01
5.9084e-01 6.9991e-01 7.8165e-01 8.2059e-01 8.2417e-01 8.2542e-01 8.2476e-01 7.6616e-01 7.2721e-01 5.9242e-01
6.1572e-01 7.4889e-01 8.1337e-01 8.9139e-01 8.9084e-01 9.0263e-01 8.7000e-01 8.2720e-01 7.5370e-01 5.9324e-01
6.1885e-01 7.6555e-01 8.4653e-01 9.1899e-01 9.3510e-01 9.1278e-01 9.1981e-01 8.4575e-01 7.6811e-01 6.0762e-01
6.1724e-01 7.4723e-01 8.5600e-01 9.0725e-01 9.1466e-01 8.9776e-01 8.8341e-01 8.4725e-01 7.5790e-01 6.2428e-01
6.2077e-01 7.3835e-01 8.0366e-01 8.7278e-01 8.6643e-01 9.1039e-01 8.5364e-01 8.1946e-01 7.5820e-01 6.1268e-01
5.7481e-01 7.1086e-01 7.8361e-01 8.2469e-01 8.3417e-01 8.4676e-01 7.9153e-01 7.8456e-01 6.9634e-01 5.8918e-01
5.2659e-01 6.3812e-01 7.0401e-01 7.4226e-01 7.4422e-01 7.5370e-01 7.3152e-01 7.2380e-01 6.3163e-01 5.3688e-01
4.4981e-01 5.1486e-01 5.9005e-01 6.0457e-01 6.3642e-01 6.2950e-01 6.0218e-01 5.7151e-01 5.2306e-01 4.3542e-01
Time Step 49
4.2629e-01 5.2749e-01 5.7183e-01 6.2326e-01 5.9312e-01 6.1707e-01 5.8350e-01 5.5629e-01 5.4072e-01 4.3593e-01
5.3689e-01 6.5664e-01 6.7563e-01 7.6470e-01 7.3037e-01 7.5719e-01 7.4814e-01 7.0195e-01 6.2382e-01 5.3904e-01
5.6455e-01 6.9271e-01 8.2727e-01 8.2133e-01 8.1849e-01 8.4276e-01 8.3425e-01 7.9507e-01 7.1055e-01 5.7253e-01
5.9327e-01 7.3586e-01 8.1808e-01 8.9824e-01 9.0134e-01 8.9268e-01 8.7859e-01 8.0484e-01 7.2468e-01 5.8588e-01
6.4111e-01 7.6624e-01 8.3951e-01 8.8503e-01 9.0497e-01 8.9691e-01 8.6594e-01 8.6474e-01 7.9985e-01 6.2859e-01
6.1938e-01 7.8287e-01 8.5444e-01 8.8767e-01 8.7491e-01 8.9862e-01 8.7079e-01 8.5435e-01 7.5813e-01 6.2018e-01
6.0459e-01 7.6607e-01 8.4886e-01 8.7632e-01 8.8537e-01 8.9978e-01 8.6417e-01 8.0848e-01 7.4742e-01 5.9288e-01
5.8567e-01 7.0439e-01 8.0841e-01 8.0966e-01 8.1200e-01 8.1080e-01 8.0868e-01 7.9289e-01 6.9981e-01 5.7579e-01
5.3534e-01 6.4042e-01 7.0935e-01 7.2377e-01 7.6013e-01 7.4198e-01 7.0057e-01 7.0901e-01 6.3900e-01 5.4885e-01
4.4848e-01 5.2961e-01 5.6215e-01 6.1580e-01 6.0468e-01 6.0091e-01 6.0720e-01 6.0272e-01 5.0530e-01 4.2015e-01
Time Step 50
4.4434e-01 5.1779e-01 5.8935e-01 6.0421e-01 6.3986e-01 6.0299e-01 6.0697e-01 5.9778e-01 5.0622e-01 4.3062e-01
5.2711e-01 6.4913e-01 6.9445e-01 7.6473e-01 7.5544e-01 7.7053e-01 7.3439e-01 6.9249e-01 6.3870e-01 5.1607e-01
5.6202e-01 7.2819e-01 7.7479e-01 8.3320e-01 8.3718e-01 8.3306e-01 8.3797e-01 8.0327e-01 7.0188e-01 5.8087e-01
6.1200e-01 7.2303e-01 8.2565e-01 8.9472e-01 8.8381e-01 8.5527e-01 8.7085e-01 8.5539e-01 7.4062e-01 5.8889e-01
6.3057e-01 7.8072e-01 8.2427e-01 8.9120e-01 9.0288e-01 9.1651e-01 8.9498e-01 8.5639e-01 7.5332e-01 6.1905e-01
6.5527e-01 7.7681e-01 8.4203e-01 9.0388e-01 9.5381e-01 8.7675e-01 8.8480e-01 8.3535e-01 7.5104e-01 6.3866e-01
6.1538e-01 7.4154e-01 8.2731e-01 8.5232e-01 9.2689e-01 8.9298e-01 8.7693e-01 8.0630e-01 7.5606e-01 6.0247e-01
6.0255e-01 6.9414e-01 7.5621e-01 8.3754e-01 8.6031e-01 8.3407e-01 8.1138e-01 8.0226e-01 7.1372e-01 5.9931e-01
5.1646e-01 6.5752e-01 6.9187e-01 7.4626e-01 7.3053e-01 7.5198e-01 7.3327e-01 7.2562e-01 6.4873e-01 5.2748e-01
4.1960e-01 5.1596e-01 5.6145e-01 5.9629e-01 6.1259e-01 6.2699e-01 6.0596e-01 5.7827e-01 5.2687e-01 4.2172e-01
