Time Step 1
0.0000e+00 0.0000e+00 0.0000e+00 0.0000e+00 0.0000e+00 0.0000e+00 0.0000e+00 0.0000e+00 0.0000e+00 0.0000e+00
0.0000e+00 0.0000e+00 0.0000e+00 0.0000e+00 0.0000e+00 0.0000e+00 0.0000e+00 0.0000e+00 0.0000e+00 0.0000e+00
0.0000e+00 0.0000e+00 0.0000e+00 0.0000e+00 0.0000e+00 0.0000e+00 0.0000e+00 0.0000e+00 0.0000e+00 0.0000e+00
0.0000e+00 0.0000e+00 0.0000e+00 0.0000e+00 0.0000e+00 0.0000e+00 0.0000e+00 0.0000e+00 0.0000e+00 0.0000e+00
0.0000e+00 0.0000e+00 0.0000e+00 0.0000e+00 0.0000e+00 0.0000e+00 0.0000e+00 0.0000e+00 0.0000e+00 0.0000e+00
0.0000e+00 0.0000e+00 0.0000e+00 0.0000e+00 0.0000e+00 0.0000e+00 0.0000e+00 0.0000e+00 0.0000e+00 0.0000e+00
0.0000e+00 0.0000e+00 0.0000e+00 0.0000e+00 0.0000e+00 0.0000e+00 0.0000e+00 0.0000e+00 0.0000e+00 0.0000e+00
0.0000e+00 0.0000e+00 0.0000e+00 0.0000e+00 0.0000e+00 0.0000e+00 0.0000e+00 0.0000e+00 0.0000e+00 0.0000e+00
0.0000e+00 0.0000e+00 0.0000e+00 0.0000e+00 0.0000e+00 0.0000e+00 0.0000e+00 0.0000e+00 0.0000e+00 0.0000e+00
0.0000e+00 0.0000e+00 0.0000e+00 0.0000e+00 0.0000e+00 0.0000e+00 0.0000e+00 0.0000e+00 0.0000e+00 0.0000e+00
Time Step 2
8.9393e-03 9.7516e-03 1.0402e-02 1.0980e-02 1.0896e-02 1.0967e-02 1.0918e-02 1.0721e-02 9.7055e-03 8.7812e-03
1.0006e-02 1.1217e-02 1.1533e-02 1.2306e-02 1.2261e-02 1.2254e-02 1.2312e-02 1.1698e-02 1.1232e-02 1.0070e-02
1.0523e-02 1.1989e-02 1.2656e-02 1.2804e-02 1.3409e-02 1.3173e-02 1.2700e-02 1.2535e-02 1.1813e-02 1.0616e-02
1.0759e-02 1.2241e-02 1.2856e-02 1.3431e-02 1.3664e-02 1.3759e-02 1.3481e-02 1.3077e-02 1.2211e-02 1.0662e-02
1.0940e-02 1.2626e-02 1.3240e-02 1.3467e-02 1.3920e-02 1.4010e-02 1.3277e-02 1.3206e-02 1.2432e-02 1.1253e-02
1.1069e-02 1.2310e-02 1.3294e-02 1.3588e-02 1.3738e-02 1.3679e-02 1.3533e-02 1.3278e-02 1.2381e-02 1.0844e-02
1.0747e-02 1.2297e-02 1.2964e-02 1.3518e-02 1.3451e-02 1.3535e-02 1.3509e-02 1.2984e-02 1.1965e-02 1.0807e-02
1.0256e-02 1.1927e-02 1.2693e-02 1.2975e-02 1.3014e-02 1.3113e-02 1.3050e-02 1.2762e-02 1.1762e-02 1.0480e-02
1.0149e-02 1.1283e-02 1.1744e-02 1.2243e-02 1.2312e-02 1.2306e-02 1.2194e-02 1.1798e-02 1.1319e-02 1.0065e-02
8.6959e-03 9.9913e-03 1.0835e-02 1.0915e-02 1.1225e-02 1.1140e-02 1.0709e-02 1.0864e-02 1.0140e-02 9.0830e-03
Time Step 3
1.0297e-02 1.1342e-02 1.1874e-02 1.2487e-02 1.2687e-02 1.2254e-02 1.2363e-02 1.2297e-02 1.1539e-02 1.0181e-02
1.1512e-02 1.2677e-02 1.3336e-02 1.3863e-02 1.4120e-02 1.4010e-02 1.3934e-02 1.3514e-02 1.2778e-02 1.1659e-02
1.1947e-02 1.3422e-02 1.3964e-02 1.4476e-02 1.4288e-02 1.4531e-02 1.4484e-02 1.4051e-02 1.3259e-02 1.2030e-02
1.2402e-02 1.3753e-02 1.4617e-02 1.4941e-02 1.5175e-02 1.4802e-02 1.4805e-02 1.4307e-02 1.3877e-02 1.2393e-02
1.2536e-02 1.3907e-02 1.4715e-02 1.4786e-02 1.5120e-02 1.5210e-02 1.4915e-02 1.4479e-02 1.3996e-02 1.2415e-02
1.2725e-02 1.4063e-02 1.4454e-02 1.4973e-02 1.5104e-02 1.5207e-02 1.4992e-02 1.4700e-02 1.4023e-02 1.2437e-02
1.2290e-02 1.3878e-02 1.4280e-02 1.4898e-02 1.5169e-02 1.4832e-02 1.5012e-02 1.4250e-02 1.3692e-02 1.2304e-02
1.1941e-02 1.3418e-02 1.4111e-02 1.4464e-02 1.4902e-02 1.4638e-02 1.4400e-02 1.3948e-02 1.3456e-02 1.2145e-02
1.1567e-02 1.2661e-02 1.3343e-02 1.3888e-02 1.4233e-02 1.4153e-02 1.3763e-02 1.3256e-02 1.2937e-02 1.1432e-02
1.0546e-02 1.1365e-02 1.2189e-02 1.2126e-02 1.2773e-02 1.2278e-02 1.2542e-02 1.1788e-02 1.1429e-02 1.0409e-02
Time Step 4
1.0751e-02 1.1949e-02 1.2568e-02 1.2732e-02 1.2665e-02 1.2970e-02 1.2899e-02 1.2428e-02 1.1565e-02 1.0936e-02
1.1985e-02 1.3409e-02 1.3899e-02 1.4258e-02 1.4455e-02 1.4180e-02 1.4235e-02 1.4084e-02 1.3056e-02 1.2117e-02
1.2394e-02 1.3776e-02 1.4642e-02 1.5060e-02 1.4759e-02 1.4842e-02 1.5127e-02 1.4543e-02 1.3862e-02 1.2546e-02
1.2895e-02 1.4291e-02 1.5031e-02 1.5371e-02 1.5407e-02 1.5758e-02 1.5311e-02 1.4948e-02 1.4389e-02 1.2758e-02
1.3074e-02 1.4124e-02 1.5138e-02 1.5535e-02 1.5844e-02 1.5775e-02 1.5568e-02 1.4853e-02 1.4247e-02 1.2918e-02
1.3105e-02 1.4232e-02 1.5320e-02 1.5376e-02 1.5426e-02 1.5706e-02 1.5439e-02 1.5285e-02 1.4201e-02 1.2841e-02
1.2859e-02 1.4165e-02 1.5060e-02 1.5433e-02 1.5471e-02 1.5582e-02 1.5438e-02 1.4895e-02 1.4261e-02 1.2509e-02
1.2598e-02 1.3763e-02 1.4598e-02 1.4999e-02 1.4992e-02 1.5335e-02 1.4814e-02 1.4628e-02 1.4085e-02 1.2577e-02
1.2215e-02 1.3287e-02 1.3816e-02 1.3990e-02 1.4214e-02 1.4420e-02 1.4027e-02 1.3844e-02 1.3360e-02 1.2174e-02
1.0851e-02 1.2011e-02 1.2637e-02 1.2603e-02 1.2936e-02 1.3062e-02 1.2690e-02 1.2477e-02 1.1921e-02 1.0633e-02
Time Step 5
1.1070e-02 1.1896e-02 1.2832e-02 1.2938e-02 1.3083e-02 1.3117e-02 1.2986e-02 1.2860e-02 1.2259e-02 1.1172e-02
1.2132e-02 1.3429e-02 1.3825e-02 1.4246e-02 1.4388e-02 1.4901e-02 1.4446e-02 1.3951e-02 1.3141e-02 1.2380e-02
1.2544e-02 1.3858e-02 1.4738e-02 1.5138e-02 1.5372e-02 1.5322e-02 1.4968e-02 1.4646e-02 1.4106e-02 1.2731e-02
1.2925e-02 1.4154e-02 1.4914e-02 1.5300e-02 1.5651e-02 1.5663e-02 1.5346e-02 1.5171e-02 1.4646e-02 1.3060e-02
1.3158e-02 1.4629e-02 1.5407e-02 1.5506e-02 1.5844e-02 1.5904e-02 1.5666e-02 1.5304e-02 1.4620e-02 1.3080e-02
1.3152e-02 1.4214e-02 1.5105e-02 1.5760e-02 1.6063e-02 1.5879e-02 1.5363e-02 1.5562e-02 1.4447e-02 1.3247e-02
1.3020e-02 1.4287e-02 1.5148e-02 1.5506e-02 1.5928e-02 1.5811e-02 1.5429e-02 1.5038e-02 1.4128e-02 1.2697e-02
1.2470e-02 1.3843e-02 1.4636e-02 1.5284e-02 1.5375e-02 1.5167e-02 1.4882e-02 1.4595e-02 1.4252e-02 1.2657e-02
1.2267e-02 1.3549e-02 1.4021e-02 1.4488e-02 1.4607e-02 1.4413e-02 1.4302e-02 1.4034e-02 1.3211e-02 1.1963e-02
1.0727e-02 1.1988e-02 1.2629e-02 1.2892e-02 1.3324e-02 1.3023e-02 1.3028e-02 1.2826e-02 1.2060e-02 1.0958e-02
Time Step 6
1.0998e-02 1.2167e-02 1.2689e-02 1.3037e-02 1.3258e-02 1.3253e-02 1.2965e-02 1.2852e-02 1.2184e-02 1.1155e-02
1.2052e-02 1.3466e-02 1.4148e-02 1.4498e-02 1.4676e-02 1.4695e-02 1.4411e-02 1.4230e-02 1.3332e-02 1.2273e-02
1.2783e-02 1.4096e-02 1.4653e-02 1.5280e-02 1.5458e-02 1.5353e-02 1.5224e-02 1.4764e-02 1.4207e-02 1.2631e-02
1.3237e-02 1.4487e-02 1.4930e-02 1.5572e-02 1.5771e-02 1.5595e-02 1.5637e-02 1.5270e-02 1.4649e-02 1.2985e-02
1.3292e-02 1.4573e-02 1.5307e-02 1.5649e-02 1.5707e-02 1.5891e-02 1.5784e-02 1.5573e-02 1.4549e-02 1.3045e-02
1.3097e-02 1.4788e-02 1.5443e-02 1.5553e-02 1.5841e-02 1.5626e-02 1.5898e-02 1.5437e-02 1.4618e-02 1.3178e-02
1.2919e-02 1.4288e-02 1.5203e-02 1.5614e-02 1.5728e-02 1.5881e-02 1.5792e-02 1.5049e-02 1.4178e-02 1.2948e-02
1.2726e-02 1.3990e-02 1.4734e-02 1.4992e-02 1.5404e-02 1.5296e-02 1.5002e-02 1.4566e-02 1.4099e-02 1.2879e-02
1.1976e-02 1.3584e-02 1.4001e-02 1.4477e-02 1.4675e-02 1.4515e-02 1.4346e-02 1.4174e-02 1.3534e-02 1.2209e-02
1.0838e-02 1.2353e-02 1.2773e-02 1.2966e-02 1.3089e-02 1.3275e-02 1.3236e-02 1.2866e-02 1.2140e-02 1.0862e-02
Time Step 7
1.1235e-02 1.2086e-02 1.2948e-02 1.3020e-02 1.3276e-02 1.3379e-02 1.3291e-02 1.2702e-02 1.2162e-02 1.0980e-02
1.2434e-02 1.3574e-02 1.4064e-02 1.4273e-02 1.4441e-02 1.4536e-02 1.4738e-02 1.4245e-02 1.3531e-02 1.2071e-02
1.2670e-02 1.4383e-02 1.4849e-02 1.4975e-02 1.5396e-02 1.5139e-02 1.5227e-02 1.4698e-02 1.4027e-02 1.2971e-02
1.2924e-02 1.4503e-02 1.5479e-02 1.5587e-02 1.5799e-02 1.5797e-02 1.5820e-02 1.5067e-02 1.4354e-02 1.3256e-02
1.3478e-02 1.4431e-02 1.5445e-02 1.5764e-02 1.6219e-02 1.6046e-02 1.5672e-02 1.5301e-02 1.4760e-02 1.3326e-02
1.3326e-02 1.4633e-02 1.5422e-02 1.5880e-02 1.5786e-02 1.5901e-02 1.5817e-02 1.5411e-02 1.4557e-02 1.3011e-02
1.3323e-02 1.4141e-02 1.5109e-02 1.5529e-02 1.5861e-02 1.5822e-02 1.5569e-02 1.4954e-02 1.4438e-02 1.3200e-02
1.2534e-02 1.3998e-02 1.4793e-02 1.4997e-02 1.5529e-02 1.5395e-02 1.5219e-02 1.5104e-02 1.3908e-02 1.2745e-02
1.2245e-02 1.3624e-02 1.3837e-02 1.4266e-02 1.4610e-02 1.4342e-02 1.4571e-02 1.4111e-02 1.3296e-02 1.2319e-02
1.0944e-02 1.2191e-02 1.3066e-02 1.3096e-02 1.3248e-02 1.3290e-02 1.3069e-02 1.2662e-02 1.2109e-02 1.1241e-02
Time Step 8
1.1090e-02 1.2241e-02 1.2686e-02 1.3087e-02 1.3316e-02 1.3280e-02 1.3428e-02 1.2789e-02 1.2263e-02 1.1178e-02
1.2173e-02 1.3230e-02 1.4064e-02 1.4382e-02 1.4621e-02 1.4833e-02 1.4615e-02 1.4032e-02 1.3544e-02 1.2322e-02
1.2830e-02 1.4354e-02 1.4487e-02 1.5299e-02 1.5344e-02 1.5476e-02 1.5156e-02 1.4590e-02 1.4154e-02 1.2924e-02
1.3391e-02 1.4372e-02 1.5095e-02 1.5656e-02 1.5794e-02 1.6063e-02 1.5655e-02 1.5221e-02 1.4585e-02 1.2981e-02
1.3454e-02 1.4789e-02 1.5319e-02 1.5610e-02 1.6041e-02 1.6100e-02 1.6068e-02 1.5433e-02 1.4759e-02 1.3319e-02
1.3181e-02 1.4546e-02 1.5249e-02 1.5668e-02 1.5835e-02 1.5991e-02 1.5846e-02 1.5299e-02 1.4598e-02 1.3309e-02
1.3221e-02 1.4348e-02 1.5193e-02 1.5452e-02 1.5785e-02 1.5601e-02 1.5675e-02 1.5016e-02 1.4494e-02 1.3226e-02
1.2756e-02 1.3979e-02 1.4862e-02 1.5328e-02 1.5364e-02 1.5048e-02 1.5127e-02 1.4803e-02 1.4175e-02 1.2545e-02
1.2153e-02 1.3696e-02 1.4296e-02 1.4510e-02 1.4785e-02 1.4837e-02 1.4158e-02 1.4000e-02 1.3633e-02 1.2098e-02
1.0968e-02 1.2246e-02 1.3054e-02 1.3178e-02 1.3456e-02 1.3226e-02 1.3252e-02 1.2775e-02 1.2115e-02 1.0995e-02
Time Step 9
1.1118e-02 1.2233e-02 1.2724e-02 1.3052e-02 1.3388e-02 1.3352e-02 1.3146e-02 1.2607e-02 1.2352e-02 1.1148e-02
1.2332e-02 1.3592e-02 1.3953e-02 1.4491e-02 1.4354e-02 1.4581e-02 1.4561e-02 1.4028e-02 1.3461e-02 1.2021e-02
1.2808e-02 1.3948e-02 1.5238e-02 1.5193e-02 1.5304e-02 1.5065e-02 1.4887e-02 1.5114e-02 1.4428e-02 1.2781e-02
1.3251e-02 1.4433e-02 1.5131e-02 1.5882e-02 1.5978e-02 1.5941e-02 1.5770e-02 1.4907e-02 1.4513e-02 1.3012e-02
1.3311e-02 1.4848e-02 1.5331e-02 1.5820e-02 1.6124e-02 1.6060e-02 1.5889e-02 1.5507e-02 1.4418e-02 1.3377e-02
1.2978e-02 1.4656e-02 1.5483e-02 1.5900e-02 1.5955e-02 1.5826e-02 1.5857e-02 1.5522e-02 1.4551e-02 1.3305e-02
1.3089e-02 1.4417e-02 1.5216e-02 1.5393e-02 1.5814e-02 1.5874e-02 1.5682e-02 1.5249e-02 1.4429e-02 1.3116e-02
1.2574e-02 1.3983e-02 1.4914e-02 1.5525e-02 1.5245e-02 1.5415e-02 1.5575e-02 1.4713e-02 1.4036e-02 1.2656e-02
1.2141e-02 1.3630e-02 1.4193e-02 1.4486e-02 1.4752e-02 1.4526e-02 1.4380e-02 1.3838e-02 1.3598e-02 1.2276e-02
1.1552e-02 1.2418e-02 1.2870e-02 1.3109e-02 1.3482e-02 1.3345e-02 1.3024e-02 1.2619e-02 1.2172e-02 1.1320e-02
Time Step 10
1.1232e-02 1.2009e-02 1.2656e-02 1.3361e-02 1.3244e-02 1.2984e-02 1.3161e-02 1.3023e-02 1.2089e-02 1.1228e-02
1.2346e-02 1.3479e-02 1.4220e-02 1.4602e-02 1.4807e-02 1.4742e-02 1.4396e-02 1.3961e-02 1.3657e-02 1.2666e-02
1.2586e-02 1.4327e-02 1.4575e-02 1.5433e-02 1.5704e-02 1.5416e-02 1.5197e-02 1.5022e-02 1.4111e-02 1.2630e-02
1.3215e-02 1.4418e-02 1.5068e-02 1.5528e-02 1.5839e-02 1.5908e-02 1.5786e-02 1.5162e-02 1.4341e-02 1.2909e-02
1.3209e-02 1.5047e-02 1.5496e-02 1.5812e-02 1.5763e-02 1.6048e-02 1.6018e-02 1.5453e-02 1.4681e-02 1.2948e-02
1.3385e-02 1.4902e-02 1.5473e-02 1.5759e-02 1.6119e-02 1.5913e-02 1.6001e-02 1.5366e-02 1.4491e-02 1.3136e-02
1.3139e-02 1.4538e-02 1.5245e-02 1.5460e-02 1.5936e-02 1.5667e-02 1.5553e-02 1.4987e-02 1.4544e-02 1.3314e-02
1.2965e-02 1.4022e-02 1.4631e-02 1.4888e-02 1.5225e-02 1.5598e-02 1.5308e-02 1.4887e-02 1.4233e-02 1.2695e-02
1.2395e-02 1.3696e-02 1.3948e-02 1.4575e-02 1.4842e-02 1.4883e-02 1.4533e-02 1.3890e-02 1.3273e-02 1.2180e-02
1.1076e-02 1.2335e-02 1.2932e-02 1.2958e-02 1.3310e-02 1.3244e-02 1.3004e-02 1.2700e-02 1.2453e-02 1.1028e-02
Time Step 11
1.1113e-02 1.2149e-02 1.2909e-02 1.2983e-02 1.3394e-02 1.3103e-02 1.3344e-02 1.2705e-02 1.2383e-02 1.1250e-02
1.2028e-02 1.3505e-02 1.4269e-02 1.4698e-02 1.4768e-02 1.4500e-02 1.4630e-02 1.4199e-02 1.3589e-02 1.1937e-02
1.2650e-02 1.4066e-02 1.4675e-02 1.5375e-02 1.5424e-02 1.5367e-02 1.5264e-02 1.4892e-02 1.4103e-02 1.3010e-02
1.2931e-02 1.4421e-02 1.5231e-02 1.6127e-02 1.5679e-02 1.5739e-02 1.5301e-02 1.4985e-02 1.4468e-02 1.3395e-02
1.3342e-02 1.4656e-02 1.5495e-02 1.5737e-02 1.6213e-02 1.5883e-02 1.5778e-02 1.5408e-02 1.4857e-02 1.3462e-02
1.3170e-02 1.4760e-02 1.5417e-02 1.5633e-02 1.5870e-02 1.6024e-02 1.5950e-02 1.5442e-02 1.4653e-02 1.3145e-02
1.3035e-02 1.4506e-02 1.5197e-02 1.5749e-02 1.5749e-02 1.5546e-02 1.5613e-02 1.5145e-02 1.4528e-02 1.3232e-02
1.2813e-02 1.4154e-02 1.4920e-02 1.5371e-02 1.5529e-02 1.5174e-02 1.5225e-02 1.4676e-02 1.4244e-02 1.2874e-02
1.2193e-02 1.3350e-02 1.3939e-02 1.4530e-02 1.4588e-02 1.4471e-02 1.4428e-02 1.4052e-02 1.3319e-02 1.2121e-02
1.1377e-02 1.2060e-02 1.2946e-02 1.3020e-02 1.3274e-02 1.3187e-02 1.3169e-02 1.2996e-02 1.2183e-02 1.1317e-02
Time Step 12
1.1113e-02 1.2087e-02 1.2616e-02 1.3233e-02 1.3298e-02 1.2924e-02 1.3076e-02 1.2739e-02 1.2239e-02 1.1360e-02
1.2545e-02 1.3253e-02 1.4364e-02 1.4495e-02 1.4582e-02 1.4580e-02 1.4574e-02 1.3999e-02 1.3658e-02 1.1940e-02
1.2895e-02 1.4044e-02 1.5057e-02 1.5317e-02 1.5461e-02 1.5473e-02 1.5392e-02 1.4786e-02 1.4513e-02 1.2853e-02
1.3294e-02 1.4559e-02 1.5140e-02 1.5729e-02 1.6091e-02 1.5959e-02 1.5658e-02 1.5076e-02 1.4559e-02 1.3129e-02
1.3084e-02 1.4574e-02 1.5324e-02 1.6042e-02 1.5809e-02 1.6206e-02 1.5948e-02 1.5081e-02 1.4487e-02 1.2984e-02
1.3221e-02 1.4792e-02 1.5380e-02 1.5759e-02 1.5590e-02 1.6232e-02 1.5919e-02 1.5649e-02 1.4707e-02 1.3189e-02
1.3193e-02 1.4472e-02 1.5246e-02 1.5664e-02 1.5805e-02 1.5892e-02 1.5661e-02 1.5200e-02 1.4793e-02 1.2748e-02
1.2560e-02 1.4533e-02 1.4388e-02 1.5274e-02 1.5247e-02 1.5390e-02 1.5046e-02 1.4688e-02 1.4030e-02 1.2900e-02
1.2048e-02 1.3704e-02 1.4423e-02 1.4472e-02 1.4863e-02 1.4528e-02 1.4537e-02 1.4315e-02 1.3385e-02 1.2159e-02
1.1309e-02 1.2289e-02 1.2757e-02 1.3320e-02 1.3161e-02 1.3294e-02 1.3285e-02 1.2661e-02 1.2049e-02 1.1083e-02
Time Step 13
1.1131e-02 1.2359e-02 1.2797e-02 1.3083e-02 1.3218e-02 1.3350e-02 1.3491e-02 1.2998e-02 1.2173e-02 1.1128e-02
1.2261e-02 1.3703e-02 1.3984e-02 1.4597e-02 1.4784e-02 1.4632e-02 1.4421e-02 1.3915e-02 1.3590e-02 1.2347e-02
1.2971e-02 1.4398e-02 1.4867e-02 1.5306e-02 1.5487e-02 1.5555e-02 1.5416e-02 1.4833e-02 1.4308e-02 1.2984e-02
1.3046e-02 1.4383e-02 1.5029e-02 1.5490e-02 1.5607e-02 1.5902e-02 1.5728e-02 1.5095e-02 1.4315e-02 1.3165e-02
1.3511e-02 1.4352e-02 1.5404e-02 1.5780e-02 1.6274e-02 1.5918e-02 1.5969e-02 1.5560e-02 1.4705e-02 1.3065e-02
1.3229e-02 1.4630e-02 1.5377e-02 1.5785e-02 1.6138e-02 1.6188e-02 1.5740e-02 1.5604e-02 1.4649e-02 1.3148e-02
1.3090e-02 1.4460e-02 1.5447e-02 1.5595e-02 1.5869e-02 1.5828e-02 1.5569e-02 1.4871e-02 1.4642e-02 1.3243e-02
1.2726e-02 1.4185e-02 1.4782e-02 1.5224e-02 1.5524e-02 1.5456e-02 1.5106e-02 1.4859e-02 1.4233e-02 1.2807e-02
1.2177e-02 1.3412e-02 1.4077e-02 1.4587e-02 1.4389e-02 1.4668e-02 1.4565e-02 1.4178e-02 1.3610e-02 1.2309e-02
1.1035e-02 1.1917e-02 1.2896e-02 1.3093e-02 1.3152e-02 1.3043e-02 1.2880e-02 1.2664e-02 1.2362e-02 1.1188e-02
Time Step 14
1.1114e-02 1.2364e-02 1.2986e-02 1.3395e-02 1.3452e-02 1.3248e-02 1.2897e-02 1.2841e-02 1.2275e-02 1.1052e-02
1.2287e-02 1.3465e-02 1.3994e-02 1.4770e-02 1.4804e-02 1.4686e-02 1.4379e-02 1.4208e-02 1.3462e-02 1.2265e-02
1.2779e-02 1.4140e-02 1.4701e-02 1.5139e-02 1.5491e-02 1.5234e-02 1.5168e-02 1.4833e-02 1.4320e-02 1.2597e-02
1.3232e-02 1.4344e-02 1.5387e-02 1.5514e-02 1.5816e-02 1.5996e-02 1.5641e-02 1.5225e-02 1.4337e-02 1.3124e-02
1.3306e-02 1.4643e-02 1.5374e-02 1.5780e-02 1.5963e-02 1.5985e-02 1.5787e-02 1.5335e-02 1.4540e-02 1.3371e-02
1.3422e-02 1.4592e-02 1.5390e-02 1.5856e-02 1.6040e-02 1.6032e-02 1.5836e-02 1.5731e-02 1.4832e-02 1.3345e-02
1.2953e-02 1.4620e-02 1.5266e-02 1.5743e-02 1.5746e-02 1.5847e-02 1.5751e-02 1.5111e-02 1.4506e-02 1.3224e-02
1.2586e-02 1.4185e-02 1.5001e-02 1.5242e-02 1.5226e-02 1.5518e-02 1.5349e-02 1.4863e-02 1.4062e-02 1.2975e-02
1.2020e-02 1.3742e-02 1.4198e-02 1.4684e-02 1.4597e-02 1.4697e-02 1.4551e-02 1.4047e-02 1.3542e-02 1.2146e-02
1.1109e-02 1.2190e-02 1.2732e-02 1.3103e-02 1.3397e-02 1.3280e-02 1.3128e-02 1.2852e-02 1.2225e-02 1.1388e-02
Time Step 15
1.0987e-02 1.2323e-02 1.2810e-02 1.3051e-02 1.3082e-02 1.3432e-02 1.3061e-02 1.2819e-02 1.2278e-02 1.1151e-02
1.2129e-02 1.3260e-02 1.4219e-02 1.4234e-02 1.4805e-02 1.4630e-02 1.4464e-02 1.4227e-02 1.3495e-02 1.2193e-02
1.2839e-02 1.3987e-02 1.4893e-02 1.5318e-02 1.5137e-02 1.5573e-02 1.5220e-02 1.4852e-02 1.3971e-02 1.2503e-02
1.3090e-02 1.4495e-02 1.5375e-02 1.5448e-02 1.5763e-02 1.5726e-02 1.5565e-02 1.5347e-02 1.4608e-02 1.3194e-02
1.3250e-02 1.4671e-02 1.5273e-02 1.5687e-02 1.5924e-02 1.5927e-02 1.5712e-02 1.5635e-02 1.4602e-02 1.3441e-02
1.3231e-02 1.4635e-02 1.5364e-02 1.5745e-02 1.5866e-02 1.6096e-02 1.5985e-02 1.5468e-02 1.4565e-02 1.3259e-02
1.2984e-02 1.4212e-02 1.5255e-02 1.5557e-02 1.5717e-02 1.5773e-02 1.5487e-02 1.5091e-02 1.4657e-02 1.3122e-02
1.2640e-02 1.4104e-02 1.4878e-02 1.5285e-02 1.5349e-02 1.5329e-02 1.5194e-02 1.5050e-02 1.4153e-02 1.2782e-02
1.2259e-02 1.3576e-02 1.4107e-02 1.4389e-02 1.4858e-02 1.4718e-02 1.4518e-02 1.4273e-02 1.3481e-02 1.2140e-02
1.1065e-02 1.1911e-02 1.2465e-02 1.3157e-02 1.3525e-02 1.3339e-02 1.3064e-02 1.2704e-02 1.2175e-02 1.0978e-02
Time Step 16
1.1190e-02 1.2229e-02 1.2648e-02 1.2991e-02 1.3081e-02 1.3303e-02 1.3112e-02 1.2979e-02 1.2277e-02 1.1001e-02
1.2408e-02 1.3638e-02 1.4283e-02 1.4235e-02 1.4611e-02 1.4354e-02 1.4658e-02 1.4265e-02 1.3450e-02 1.1902e-02
1.2602e-02 1.3971e-02 1.4525e-02 1.5568e-02 1.5171e-02 1.5495e-02 1.5467e-02 1.5002e-02 1.4368e-02 1.2625e-02
1.3305e-02 1.4462e-02 1.5123e-02 1.5510e-02 1.5733e-02 1.5820e-02 1.5399e-02 1.5465e-02 1.4328e-02 1.2884e-02
1.3068e-02 1.4565e-02 1.5432e-02 1.5851e-02 1.6058e-02 1.5800e-02 1.6038e-02 1.5192e-02 1.4615e-02 1.3485e-02
1.3120e-02 1.4346e-02 1.5618e-02 1.5692e-02 1.6354e-02 1.6178e-02 1.5747e-02 1.5403e-02 1.4673e-02 1.3505e-02
1.3054e-02 1.4448e-02 1.5335e-02 1.5642e-02 1.5634e-02 1.5620e-02 1.5610e-02 1.5318e-02 1.4499e-02 1.3077e-02
1.2606e-02 1.4277e-02 1.4740e-02 1.5271e-02 1.5372e-02 1.5171e-02 1.5055e-02 1.5021e-02 1.4160e-02 1.2935e-02
1.2501e-02 1.3559e-02 1.4376e-02 1.4196e-02 1.4616e-02 1.4800e-02 1.4393e-02 1.4317e-02 1.3272e-02 1.2289e-02
1.1048e-02 1.2399e-02 1.2734e-02 1.2995e-02 1.3256e-02 1.3322e-02 1.3150e-02 1.2586e-02 1.2290e-02 1.1296e-02
Time Step 17
1.1479e-02 1.2151e-02 1.2823e-02 1.3095e-02 1.3438e-02 1.3161e-02 1.3050e-02 1.2885e-02 1.2343e-02 1.1188e-02
1.2211e-02 1.3421e-02 1.3999e-02 1.4637e-02 1.4477e-02 1.4759e-02 1.4513e-02 1.4193e-02 1.3432e-02 1.2079e-02
1.2634e-02 1.4290e-02 1.4823e-02 1.5060e-02 1.5456e-02 1.5549e-02 1.5370e-02 1.4607e-02 1.3963e-02 1.2675e-02
1.3230e-02 1.4464e-02 1.5449e-02 1.5640e-02 1.5875e-02 1.5813e-02 1.5711e-02 1.5321e-02 1.4551e-02 1.3171e-02
1.3227e-02 1.4610e-02 1.5028e-02 1.6032e-02 1.5802e-02 1.6092e-02 1.5587e-02 1.5333e-02 1.4762e-02 1.3321e-02
1.3322e-02 1.4759e-02 1.5420e-02 1.5795e-02 1.5877e-02 1.5843e-02 1.6065e-02 1.5263e-02 1.4405e-02 1.3167e-02
1.3077e-02 1.4464e-02 1.5206e-02 1.5871e-02 1.5688e-02 1.6038e-02 1.5518e-02 1.5178e-02 1.4541e-02 1.3202e-02
1.2577e-02 1.3576e-02 1.4680e-02 1.5199e-02 1.5193e-02 1.5373e-02 1.5128e-02 1.5061e-02 1.4223e-02 1.2986e-02
1.2241e-02 1.3344e-02 1.4204e-02 1.4399e-02 1.4732e-02 1.4803e-02 1.4413e-02 1.4339e-02 1.3381e-02 1.1952e-02
1.1149e-02 1.2403e-02 1.2819e-02 1.2914e-02 1.3320e-02 1.3272e-02 1.3036e-02 1.2526e-02 1.2451e-02 1.1226e-02
Time Step 18
1.1229e-02 1.2400e-02 1.3028e-02 1.3096e-02 1.3182e-02 1.3071e-02 1.3405e-02 1.2861e-02 1.2179e-02 1.1283e-02
1.2287e-02 1.3613e-02 1.4026e-02 1.4494e-02 1.4475e-02 1.4409e-02 1.4516e-02 1.4451e-02 1.3443e-02 1.2152e-02
1.2752e-02 1.4318e-02 1.4672e-02 1.5421e-02 1.5189e-02 1.5031e-02 1.4977e-02 1.4565e-02 1.4056e-02 1.2795e-02
1.3049e-02 1.4405e-02 1.5124e-02 1.5232e-02 1.5885e-02 1.5743e-02 1.5660e-02 1.5337e-02 1.4316e-02 1.2827e-02
1.3010e-02 1.4675e-02 1.5394e-02 1.5699e-02 1.5966e-02 1.5869e-02 1.5830e-02 1.5341e-02 1.4762e-02 1.3241e-02
1.3227e-02 1.4552e-02 1.5294e-02 1.5649e-02 1.6148e-02 1.6054e-02 1.5974e-02 1.5152e-02 1.4706e-02 1.3469e-02
1.3335e-02 1.4497e-02 1.5216e-02 1.5830e-02 1.5871e-02 1.5758e-02 1.5577e-02 1.5035e-02 1.4444e-02 1.3289e-02
1.2779e-02 1.4177e-02 1.4788e-02 1.5264e-02 1.5211e-02 1.5502e-02 1.5430e-02 1.4857e-02 1.3990e-02 1.2685e-02
1.2261e-02 1.3486e-02 1.4097e-02 1.4728e-02 1.4473e-02 1.4312e-02 1.4315e-02 1.4283e-02 1.3393e-02 1.2416e-02
1.1059e-02 1.2268e-02 1.2818e-02 1.3009e-02 1.3243e-02 1.3233e-02 1.2928e-02 1.2846e-02 1.2476e-02 1.1151e-02
Time Step 19
1.1057e-02 1.2411e-02 1.2722e-02 1.3419e-02 1.3145e-02 1.3418e-02 1.3122e-02 1.2815e-02 1.1981e-02 1.1089e-02
1.2329e-02 1.3265e-02 1.4184e-02 1.4607e-02 1.4744e-02 1.4649e-02 1.4454e-02 1.4069e-02 1.3389e-02 1.1978e-02
1.2773e-02 1.4148e-02 1.4829e-02 1.5162e-02 1.5385e-02 1.5561e-02 1.5038e-02 1.5053e-02 1.4128e-02 1.2598e-02
1.2868e-02 1.4426e-02 1.5471e-02 1.5676e-02 1.6055e-02 1.5980e-02 1.5670e-02 1.5011e-02 1.4489e-02 1.3411e-02
1.3238e-02 1.4415e-02 1.5336e-02 1.5709e-02 1.5946e-02 1.6016e-02 1.6098e-02 1.5382e-02 1.4812e-02 1.3372e-02
1.3135e-02 1.4483e-02 1.5288e-02 1.5447e-02 1.5950e-02 1.5997e-02 1.5682e-02 1.5227e-02 1.4438e-02 1.3142e-02
1.2954e-02 1.4478e-02 1.5255e-02 1.5497e-02 1.5734e-02 1.6192e-02 1.5604e-02 1.5312e-02 1.4619e-02 1.3266e-02
1.2965e-02 1.4053e-02 1.4919e-02 1.4982e-02 1.5360e-02 1.4878e-02 1.5050e-02 1.5000e-02 1.4202e-02 1.2475e-02
1.2527e-02 1.3511e-02 1.4195e-02 1.4602e-02 1.4617e-02 1.4491e-02 1.4530e-02 1.4166e-02 1.3610e-02 1.1981e-02
1.1263e-02 1.2541e-02 1.2713e-02 1.2869e-02 1.2892e-02 1.3079e-02 1.3130e-02 1.2988e-02 1.2018e-02 1.1213e-02
Time Step 20
1.1210e-02 1.2209e-02 1.2655e-02 1.3381e-02 1.3275e-02 1.3161e-02 1.3364e-02 1.2945e-02 1.2296e-02 1.1466e-02
1.2269e-02 1.3552e-02 1.3816e-02 1.4490e-02 1.4616e-02 1.4752e-02 1.4638e-02 1.4422e-02 1.3519e-02 1.2233e-02
1.2994e-02 1.4155e-02 1.4595e-02 1.5296e-02 1.5592e-02 1.5421e-02 1.5305e-02 1.4998e-02 1.4072e-02 1.2585e-02
1.3111e-02 1.4642e-02 1.5254e-02 1.5512e-02 1.5880e-02 1.5791e-02 1.5611e-02 1.5192e-02 1.4344e-02 1.3241e-02
1.3361e-02 1.4681e-02 1.5604e-02 1.5682e-02 1.6088e-02 1.6148e-02 1.5972e-02 1.5475e-02 1.4768e-02 1.3276e-02
1.3224e-02 1.4649e-02 1.5353e-02 1.5724e-02 1.5943e-02 1.6094e-02 1.5801e-02 1.5658e-02 1.4661e-02 1.3211e-02
1.2961e-02 1.4643e-02 1.5463e-02 1.5531e-02 1.5719e-02 1.5665e-02 1.5680e-02 1.5163e-02 1.4346e-02 1.2995e-02
1.2814e-02 1.4236e-02 1.5011e-02 1.5096e-02 1.5312e-02 1.5403e-02 1.5077e-02 1.4865e-02 1.4116e-02 1.3130e-02
1.1992e-02 1.3618e-02 1.3869e-02 1.4563e-02 1.4476e-02 1.4433e-02 1.4391e-02 1.4074e-02 1.3507e-02 1.2031e-02
1.1067e-02 1.2153e-02 1.2610e-02 1.3011e-02 1.3446e-02 1.3389e-02 1.3207e-02 1.3011e-02 1.2394e-02 1.1314e-02
Time Step 21
1.1110e-02 1.2341e-02 1.2901e-02 1.3232e-02 1.3223e-02 1.3406e-02 1.3210e-02 1.2739e-02 1.2253e-02 1.1260e-02
1.2114e-02 1.3463e-02 1.4260e-02 1.4357e-02 1.4746e-02 1.4545e-02 1.4580e-02 1.3986e-02 1.3479e-02 1.2050e-02
1.2554e-02 1.4181e-02 1.4874e-02 1.5239e-02 1.5391e-02 1.5549e-02 1.5303e-02 1.4954e-02 1.4289e-02 1.2905e-02
1.3135e-02 1.4421e-02 1.5290e-02 1.5449e-02 1.5873e-02 1.5745e-02 1.5357e-02 1.4992e-02 1.4494e-02 1.2864e-02
1.3343e-02 1.4735e-02 1.5358e-02 1.5802e-02 1.5549e-02 1.6090e-02 1.5815e-02 1.5412e-02 1.4662e-02 1.3538e-02
1.3370e-02 1.4702e-02 1.5409e-02 1.5695e-02 1.5900e-02 1.5792e-02 1.5627e-02 1.5400e-02 1.4488e-02 1.3208e-02
1.3152e-02 1.4433e-02 1.5369e-02 1.5343e-02 1.5808e-02 1.5804e-02 1.5398e-02 1.5136e-02 1.4257e-02 1.3069e-02
1.2750e-02 1.4204e-02 1.4960e-02 1.5307e-02 1.5346e-02 1.5332e-02 1.5221e-02 1.4715e-02 1.4203e-02 1.2678e-02
1.2322e-02 1.3823e-02 1.4101e-02 1.4417e-02 1.5034e-02 1.4703e-02 1.4430e-02 1.3974e-02 1.3567e-02 1.2504e-02
1.0894e-02 1.2348e-02 1.2818e-02 1.3103e-02 1.3057e-02 1.3243e-02 1.3443e-02 1.2672e-02 1.2003e-02 1.1039e-02
Time Step 22
1.1053e-02 1.1929e-02 1.2657e-02 1.2966e-02 1.3170e-02 1.3308e-02 1.3055e-02 1.2851e-02 1.2417e-02 1.1393e-02
1.2165e-02 1.3344e-02 1.4363e-02 1.4507e-02 1.4609e-02 1.4552e-02 1.4198e-02 1.4178e-02 1.3464e-02 1.2070e-02
1.2848e-02 1.4051e-02 1.5107e-02 1.5253e-02 1.5572e-02 1.5344e-02 1.5271e-02 1.4737e-02 1.4069e-02 1.2682e-02
1.3160e-02 1.4264e-02 1.5295e-02 1.5786e-02 1.5807e-02 1.5782e-02 1.5654e-02 1.5374e-02 1.4260e-02 1.3175e-02
1.3445e-02 1.4753e-02 1.5424e-02 1.5904e-02 1.5968e-02 1.6166e-02 1.6016e-02 1.5208e-02 1.4502e-02 1.3267e-02
1.3323e-02 1.4799e-02 1.5338e-02 1.5975e-02 1.5974e-02 1.5973e-02 1.5751e-02 1.5481e-02 1.4706e-02 1.3588e-02
1.3200e-02 1.4398e-02 1.5098e-02 1.5799e-02 1.5847e-02 1.5945e-02 1.5889e-02 1.5358e-02 1.4430e-02 1.3025e-02
1.2773e-02 1.3988e-02 1.4929e-02 1.5197e-02 1.5387e-02 1.5217e-02 1.5202e-02 1.4588e-02 1.4196e-02 1.3011e-02
1.1970e-02 1.3285e-02 1.3838e-02 1.4490e-02 1.4783e-02 1.4635e-02 1.4702e-02 1.4104e-02 1.3487e-02 1.2141e-02
1.1579e-02 1.2168e-02 1.2976e-02 1.2948e-02 1.3346e-02 1.3487e-02 1.3217e-02 1.2870e-02 1.2113e-02 1.1079e-02
Time Step 23
1.1380e-02 1.2143e-02 1.3012e-02 1.3129e-02 1.3090e-02 1.3444e-02 1.3163e-02 1.2879e-02 1.2173e-02 1.1487e-02
1.2212e-02 1.3481e-02 1.4118e-02 1.4592e-02 1.4581e-02 1.4665e-02 1.4633e-02 1.4051e-02 1.3441e-02 1.2185e-02
1.2814e-02 1.4109e-02 1.4853e-02 1.5320e-02 1.5591e-02 1.5243e-02 1.5135e-02 1.4825e-02 1.4252e-02 1.2971e-02
1.2996e-02 1.4629e-02 1.5436e-02 1.5827e-02 1.5786e-02 1.5917e-02 1.5793e-02 1.5055e-02 1.4491e-02 1.3102e-02
1.3396e-02 1.4669e-02 1.5673e-02 1.5849e-02 1.6031e-02 1.6048e-02 1.5955e-02 1.5183e-02 1.4647e-02 1.3497e-02
1.3239e-02 1.4592e-02 1.5331e-02 1.5852e-02 1.5971e-02 1.6013e-02 1.5731e-02 1.5456e-02 1.4742e-02 1.3320e-02
1.3035e-02 1.4572e-02 1.5134e-02 1.5548e-02 1.5741e-02 1.5842e-02 1.5471e-02 1.5197e-02 1.4577e-02 1.2991e-02
1.2455e-02 1.4062e-02 1.4809e-02 1.5134e-02 1.5386e-02 1.5202e-02 1.5256e-02 1.4609e-02 1.4013e-02 1.3033e-02
1.2137e-02 1.3421e-02 1.4142e-02 1.4419e-02 1.4459e-02 1.4655e-02 1.4438e-02 1.4315e-02 1.3621e-02 1.2521e-02
1.1066e-02 1.2295e-02 1.2702e-02 1.3334e-02 1.3559e-02 1.3263e-02 1.2957e-02 1.2623e-02 1.2259e-02 1.0937e-02
Time Step 24
1.1257e-02 1.2279e-02 1.2879e-02 1.3299e-02 1.3147e-02 1.3326e-02 1.3083e-02 1.2610e-02 1.2319e-02 1.1047e-02
1.2145e-02 1.3364e-02 1.4268e-02 1.4277e-02 1.4731e-02 1.4681e-02 1.4522e-02 1.4079e-02 1.3247e-02 1.2207e-02
1.2771e-02 1.3962e-02 1.4828e-02 1.5200e-02 1.5186e-02 1.5554e-02 1.5175e-02 1.4884e-02 1.4207e-02 1.2806e-02
1.3286e-02 1.4515e-02 1.5312e-02 1.5580e-02 1.5573e-02 1.5753e-02 1.5496e-02 1.5202e-02 1.4412e-02 1.2840e-02
1.3173e-02 1.4535e-02 1.5616e-02 1.5829e-02 1.5944e-02 1.5840e-02 1.5620e-02 1.5544e-02 1.4732e-02 1.3501e-02
1.3349e-02 1.4784e-02 1.5513e-02 1.5599e-02 1.5913e-02 1.5972e-02 1.5662e-02 1.5233e-02 1.4499e-02 1.3560e-02
1.3166e-02 1.4435e-02 1.5025e-02 1.5589e-02 1.5862e-02 1.5958e-02 1.5606e-02 1.5289e-02 1.4489e-02 1.3081e-02
1.2776e-02 1.3795e-02 1.4702e-02 1.4791e-02 1.5460e-02 1.5478e-02 1.5146e-02 1.4789e-02 1.4122e-02 1.2781e-02
1.2154e-02 1.3432e-02 1.4291e-02 1.4580e-02 1.4665e-02 1.4733e-02 1.4436e-02 1.4164e-02 1.3384e-02 1.1909e-02
1.1002e-02 1.2029e-02 1.2859e-02 1.2992e-02 1.3173e-02 1.3473e-02 1.3062e-02 1.2836e-02 1.2361e-02 1.0946e-02
Time Step 25
1.1005e-02 1.1970e-02 1.3008e-02 1.3063e-02 1.3112e-02 1.3146e-02 1.3430e-02 1.2892e-02 1.2161e-02 1.1339e-02
1.2273e-02 1.3245e-02 1.4275e-02 1.4414e-02 1.4616e-02 1.4460e-02 1.4248e-02 1.4020e-02 1.3296e-02 1.2146e-02
1.2788e-02 1.4273e-02 1.4766e-02 1.5168e-02 1.5476e-02 1.5425e-02 1.5334e-02 1.4927e-02 1.4091e-02 1.2858e-02
1.3240e-02 1.4592e-02 1.5117e-02 1.5284e-02 1.5952e-02 1.5919e-02 1.5473e-02 1.5506e-02 1.4322e-02 1.3056e-02
1.3098e-02 1.4522e-02 1.5405e-02 1.5820e-02 1.6074e-02 1.6130e-02 1.5621e-02 1.5485e-02 1.4714e-02 1.3278e-02
1.3280e-02 1.4669e-02 1.5302e-02 1.5883e-02 1.6169e-02 1.5938e-02 1.5681e-02 1.5309e-02 1.4677e-02 1.3250e-02
1.3129e-02 1.4297e-02 1.5246e-02 1.5727e-02 1.5741e-02 1.5904e-02 1.5982e-02 1.5342e-02 1.4267e-02 1.3210e-02
1.2748e-02 1.3952e-02 1.5018e-02 1.5334e-02 1.5445e-02 1.5573e-02 1.5239e-02 1.4733e-02 1.3973e-02 1.2610e-02
1.2158e-02 1.3665e-02 1.4190e-02 1.4636e-02 1.4691e-02 1.4566e-02 1.4462e-02 1.3988e-02 1.3484e-02 1.2173e-02
1.1242e-02 1.2168e-02 1.2897e-02 1.2889e-02 1.3460e-02 1.3281e-02 1.3033e-02 1.2873e-02 1.2210e-02 1.1034e-02
Time Step 26
1.1046e-02 1.2152e-02 1.3011e-02 1.3147e-02 1.3211e-02 1.3454e-02 1.2900e-02 1.2680e-02 1.2129e-02 1.1080e-02
1.2126e-02 1.3323e-02 1.4195e-02 1.4409e-02 1.4662e-02 1.4791e-02 1.4660e-02 1.4302e-02 1.3593e-02 1.2261e-02
1.2849e-02 1.4437e-02 1.4777e-02 1.5120e-02 1.5440e-02 1.5651e-02 1.5394e-02 1.4857e-02 1.4223e-02 1.2758e-02
1.3134e-02 1.4282e-02 1.5657e-02 1.5706e-02 1.6109e-02 1.5691e-02 1.5591e-02 1.5464e-02 1.4465e-02 1.3283e-02
1.3215e-02 1.4638e-02 1.5299e-02 1.6040e-02 1.6070e-02 1.6431e-02 1.5640e-02 1.5317e-02 1.4430e-02 1.3288e-02
1.3308e-02 1.4633e-02 1.5508e-02 1.5710e-02 1.5912e-02 1.5861e-02 1.5860e-02 1.5369e-02 1.4785e-02 1.3368e-02
1.2975e-02 1.4495e-02 1.5199e-02 1.5386e-02 1.5787e-02 1.5746e-02 1.5635e-02 1.5451e-02 1.4595e-02 1.3322e-02
1.2811e-02 1.4088e-02 1.4544e-02 1.5234e-02 1.5449e-02 1.5554e-02 1.5226e-02 1.4868e-02 1.4247e-02 1.2812e-02
1.2508e-02 1.3571e-02 1.4050e-02 1.4360e-02 1.4576e-02 1.4685e-02 1.4355e-02 1.4173e-02 1.3349e-02 1.2413e-02
1.1316e-02 1.2355e-02 1.2738e-02 1.3106e-02 1.3269e-02 1.3242e-02 1.3190e-02 1.2741e-02 1.1924e-02 1.1370e-02
Time Step 27
1.0956e-02 1.2158e-02 1.2888e-02 1.3037e-02 1.3226e-02 1.3316e-02 1.3339e-02 1.2368e-02 1.2486e-02 1.1284e-02
1.2111e-02 1.3416e-02 1.4219e-02 1.4546e-02 1.4805e-02 1.4785e-02 1.4636e-02 1.4083e-02 1.3494e-02 1.2130e-02
1.2888e-02 1.4107e-02 1.4656e-02 1.5211e-02 1.5521e-02 1.5427e-02 1.5251e-02 1.4897e-02 1.4287e-02 1.2890e-02
1.3145e-02 1.4367e-02 1.5118e-02 1.5558e-02 1.5736e-02 1.5883e-02 1.5772e-02 1.5380e-02 1.4528e-02 1.3014e-02
1.3178e-02 1.4361e-02 1.5284e-02 1.5702e-02 1.6120e-02 1.5836e-02 1.5654e-02 1.5643e-02 1.4562e-02 1.3303e-02
1.3178e-02 1.4647e-02 1.5354e-02 1.5798e-02 1.6018e-02 1.6151e-02 1.6083e-02 1.5269e-02 1.4468e-02 1.3203e-02
1.3074e-02 1.4434e-02 1.5261e-02 1.5805e-02 1.5858e-02 1.6001e-02 1.5665e-02 1.5381e-02 1.4276e-02 1.3211e-02
1.2485e-02 1.4019e-02 1.4870e-02 1.5106e-02 1.5323e-02 1.5048e-02 1.5337e-02 1.4829e-02 1.4397e-02 1.2812e-02
1.2197e-02 1.3370e-02 1.4219e-02 1.4342e-02 1.4546e-02 1.4654e-02 1.4705e-02 1.3990e-02 1.3251e-02 1.2230e-02
1.1244e-02 1.2420e-02 1.3000e-02 1.2993e-02 1.3061e-02 1.3433e-02 1.3292e-02 1.2842e-02 1.2596e-02 1.1160e-02
Time Step 28
1.1005e-02 1.2128e-02 1.3021e-02 1.3167e-02 1.3324e-02 1.3080e-02 1.2979e-02 1.2793e-02 1.2508e-02 1.1329e-02
1.2206e-02 1.3643e-02 1.4131e-02 1.4327e-02 1.4487e-02 1.4650e-02 1.4272e-02 1.4268e-02 1.3536e-02 1.2347e-02
1.3026e-02 1.3885e-02 1.4799e-02 1.5131e-02 1.5318e-02 1.5327e-02 1.5054e-02 1.4865e-02 1.4120e-02 1.2889e-02
1.2932e-02 1.4347e-02 1.5337e-02 1.5807e-02 1.5898e-02 1.5696e-02 1.5528e-02 1.5098e-02 1.4292e-02 1.3028e-02
1.3446e-02 1.4623e-02 1.5598e-02 1.5726e-02 1.5952e-02 1.5728e-02 1.5937e-02 1.5311e-02 1.4653e-02 1.3267e-02
1.3378e-02 1.4922e-02 1.5438e-02 1.5986e-02 1.6031e-02 1.5875e-02 1.5675e-02 1.5512e-02 1.4676e-02 1.3012e-02
1.3129e-02 1.4565e-02 1.5160e-02 1.5652e-02 1.5706e-02 1.5764e-02 1.5928e-02 1.5207e-02 1.4522e-02 1.3092e-02
1.3060e-02 1.4169e-02 1.4664e-02 1.5030e-02 1.5076e-02 1.5437e-02 1.5226e-02 1.4804e-02 1.4192e-02 1.2668e-02
1.2311e-02 1.3562e-02 1.4021e-02 1.4428e-02 1.4620e-02 1.4858e-02 1.4334e-02 1.4017e-02 1.3621e-02 1.2252e-02
1.1017e-02 1.2271e-02 1.2535e-02 1.2940e-02 1.2939e-02 1.3152e-02 1.3242e-02 1.2655e-02 1.2323e-02 1.1046e-02
Time Step 29
1.0838e-02 1.2358e-02 1.2605e-02 1.2924e-02 1.3307e-02 1.3204e-02 1.2953e-02 1.3093e-02 1.2034e-02 1.1213e-02
1.2406e-02 1.3440e-02 1.4093e-02 1.4202e-02 1.4638e-02 1.4379e-02 1.4391e-02 1.4083e-02 1.3294e-02 1.2055e-02
1.2873e-02 1.4406e-02 1.4781e-02 1.5474e-02 1.5637e-02 1.5330e-02 1.5015e-02 1.4735e-02 1.4080e-02 1.2661e-02
1.3275e-02 1.4605e-02 1.5078e-02 1.5670e-02 1.5853e-02 1.5653e-02 1.5545e-02 1.5198e-02 1.4406e-02 1.2943e-02
1.3385e-02 1.4445e-02 1.5534e-02 1.5736e-02 1.6217e-02 1.6242e-02 1.5976e-02 1.5417e-02 1.4522e-02 1.3671e-02
1.3078e-02 1.4637e-02 1.5416e-02 1.5801e-02 1.5898e-02 1.6026e-02 1.5725e-02 1.5609e-02 1.4590e-02 1.3178e-02
1.3330e-02 1.4332e-02 1.5393e-02 1.5750e-02 1.5689e-02 1.5660e-02 1.5692e-02 1.5246e-02 1.4272e-02 1.2961e-02
1.2860e-02 1.4033e-02 1.5222e-02 1.5010e-02 1.5463e-02 1.5451e-02 1.5326e-02 1.4753e-02 1.4168e-02 1.2738e-02
1.2198e-02 1.3206e-02 1.4064e-02 1.4578e-02 1.4426e-02 1.4523e-02 1.4373e-02 1.4071e-02 1.3363e-02 1.2178e-02
1.1121e-02 1.2161e-02 1.2673e-02 1.3075e-02 1.3632e-02 1.3197e-02 1.3061e-02 1.2811e-02 1.2299e-02 1.1374e-02
Time Step 30
1.1362e-02 1.2046e-02 1.2652e-02 1.2994e-02 1.3340e-02 1.3203e-02 1.2821e-02 1.2639e-02 1.2124e-02 1.1030e-02
1.2180e-02 1.3280e-02 1.4155e-02 1.4480e-02 1.4755e-02 1.4788e-02 1.4342e-02 1.4012e-02 1.3651e-02 1.2399e-02
1.2746e-02 1.4028e-02 1.4884e-02 1.5372e-02 1.5307e-02 1.5310e-02 1.5290e-02 1.5009e-02 1.4356e-02 1.2646e-02
1.3065e-02 1.4749e-02 1.5118e-02 1.5768e-02 1.5781e-02 1.5796e-02 1.5709e-02 1.5231e-02 1.4631e-02 1.3181e-02
1.3004e-02 1.4732e-02 1.5265e-02 1.5941e-02 1.5830e-02 1.6131e-02 1.5672e-02 1.5358e-02 1.4571e-02 1.3395e-02
1.3259e-02 1.4301e-02 1.5526e-02 1.5967e-02 1.6197e-02 1.5920e-02 1.5879e-02 1.5481e-02 1.4569e-02 1.3154e-02
1.3339e-02 1.4673e-02 1.5237e-02 1.5529e-02 1.5578e-02 1.5888e-02 1.5545e-02 1.5128e-02 1.4548e-02 1.3256e-02
1.2929e-02 1.4042e-02 1.4732e-02 1.5470e-02 1.5223e-02 1.5127e-02 1.5401e-02 1.4868e-02 1.4269e-02 1.2678e-02
1.1895e-02 1.3324e-02 1.3887e-02 1.4309e-02 1.4644e-02 1.4579e-02 1.4521e-02 1.3823e-02 1.3505e-02 1.2197e-02
1.1275e-02 1.2360e-02 1.2995e-02 1.2965e-02 1.3309e-02 1.3451e-02 1.3193e-02 1.2772e-02 1.2220e-02 1.1051e-02
Time Step 31
1.1241e-02 1.2078e-02 1.2830e-02 1.3311e-02 1.3177e-02 1.2900e-02 1.2862e-02 1.2885e-02 1.2458e-02 1.1024e-02
1.2265e-02 1.3304e-02 1.3998e-02 1.4529e-02 1.4901e-02 1.4526e-02 1.4461e-02 1.3847e-02 1.3444e-02 1.2140e-02
1.2559e-02 1.4461e-02 1.4916e-02 1.5171e-02 1.5254e-02 1.5690e-02 1.4961e-02 1.4897e-02 1.3944e-02 1.2786e-02
1.3146e-02 1.4782e-02 1.4944e-02 1.5528e-02 1.5897e-02 1.5831e-02 1.5684e-02 1.5236e-02 1.4642e-02 1.3122e-02
1.3255e-02 1.4821e-02 1.5671e-02 1.5789e-02 1.5992e-02 1.6050e-02 1.5793e-02 1.5511e-02 1.4767e-02 1.3349e-02
1.3364e-02 1.4632e-02 1.5236e-02 1.5919e-02 1.5972e-02 1.5895e-02 1.5791e-02 1.5347e-02 1.4682e-02 1.3421e-02
1.3123e-02 1.4516e-02 1.4993e-02 1.5688e-02 1.5683e-02 1.5558e-02 1.5655e-02 1.5344e-02 1.4328e-02 1.3138e-02
1.2799e-02 1.4266e-02 1.4978e-02 1.5076e-02 1.5378e-02 1.5454e-02 1.5397e-02 1.4565e-02 1.4155e-02 1.2529e-02
1.2511e-02 1.3696e-02 1.4182e-02 1.4466e-02 1.4769e-02 1.4609e-02 1.4256e-02 1.4331e-02 1.3329e-02 1.2199e-02
1.0823e-02 1.2291e-02 1.3109e-02 1.3064e-02 1.3253e-02 1.3051e-02 1.3218e-02 1.2831e-02 1.2237e-02 1.1030e-02
Time Step 32
1.1241e-02 1.2214e-02 1.3081e-02 1.3156e-02 1.3513e-02 1.3162e-02 1.3195e-02 1.2849e-02 1.2201e-02 1.1205e-02
1.2125e-02 1.3332e-02 1.4097e-02 1.4506e-02 1.4756e-02 1.4704e-02 1.4629e-02 1.4356e-02 1.3363e-02 1.2034e-02
1.2837e-02 1.4113e-02 1.4701e-02 1.5222e-02 1.5511e-02 1.5631e-02 1.5307e-02 1.4899e-02 1.4123e-02 1.2697e-02
1.2936e-02 1.4378e-02 1.5326e-02 1.5747e-02 1.5783e-02 1.5905e-02 1.5708e-02 1.5370e-02 1.4485e-02 1.3045e-02
1.3223e-02 1.4898e-02 1.5402e-02 1.5707e-02 1.5852e-02 1.5812e-02 1.5710e-02 1.5330e-02 1.4361e-02 1.3357e-02
1.3271e-02 1.4636e-02 1.5399e-02 1.5822e-02 1.6146e-02 1.5777e-02 1.5717e-02 1.5567e-02 1.4737e-02 1.3328e-02
1.3062e-02 1.4449e-02 1.5220e-02 1.5688e-02 1.5980e-02 1.5918e-02 1.5717e-02 1.5144e-02 1.4457e-02 1.3237e-02
1.2710e-02 1.4166e-02 1.4758e-02 1.5017e-02 1.5370e-02 1.5326e-02 1.4897e-02 1.4964e-02 1.3958e-02 1.2688e-02
1.1977e-02 1.3341e-02 1.4397e-02 1.4457e-02 1.4804e-02 1.4571e-02 1.4436e-02 1.3963e-02 1.3528e-02 1.2397e-02
1.0904e-02 1.2165e-02 1.2641e-02 1.3041e-02 1.3337e-02 1.3093e-02 1.3128e-02 1.2707e-02 1.1989e-02 1.1208e-02
Time Step 33
1.1275e-02 1.2233e-02 1.2689e-02 1.3067e-02 1.3344e-02 1.3312e-02 1.3162e-02 1.2884e-02 1.2336e-02 1.1229e-02
1.2242e-02 1.3493e-02 1.4180e-02 1.4672e-02 1.4712e-02 1.4583e-02 1.4373e-02 1.4478e-02 1.3697e-02 1.2378e-02
1.2835e-02 1.4093e-02 1.5072e-02 1.5275e-02 1.5234e-02 1.5376e-02 1.5430e-02 1.4791e-02 1.4147e-02 1.2682e-02
1.3250e-02 1.4608e-02 1.5254e-02 1.5661e-02 1.6024e-02 1.5603e-02 1.5904e-02 1.5198e-02 1.4433e-02 1.2745e-02
1.3363e-02 1.4666e-02 1.5779e-02 1.5759e-02 1.6113e-02 1.6044e-02 1.6195e-02 1.5270e-02 1.4642e-02 1.3193e-02
1.3081e-02 1.4620e-02 1.5361e-02 1.5813e-02 1.5887e-02 1.5925e-02 1.5742e-02 1.5370e-02 1.4530e-02 1.3317e-02
1.3019e-02 1.4537e-02 1.5001e-02 1.5515e-02 1.5899e-02 1.5808e-02 1.5704e-02 1.5001e-02 1.4501e-02 1.3200e-02
1.2896e-02 1.4115e-02 1.4801e-02 1.5231e-02 1.5130e-02 1.5371e-02 1.5286e-02 1.4777e-02 1.4217e-02 1.2906e-02
1.2534e-02 1.3312e-02 1.3944e-02 1.4351e-02 1.4775e-02 1.4484e-02 1.4576e-02 1.4049e-02 1.3497e-02 1.2224e-02
1.1371e-02 1.2140e-02 1.2707e-02 1.3110e-02 1.3247e-02 1.3189e-02 1.2992e-02 1.2771e-02 1.2219e-02 1.1296e-02
Time Step 34
1.1601e-02 1.2256e-02 1.2825e-02 1.2841e-02 1.3231e-02 1.3178e-02 1.3111e-02 1.2787e-02 1.2409e-02 1.1209e-02
1.2087e-02 1.3493e-02 1.4035e-02 1.4560e-02 1.4531e-02 1.4832e-02 1.4570e-02 1.4212e-02 1.3261e-02 1.2408e-02
1.3059e-02 1.4089e-02 1.4794e-02 1.5095e-02 1.5416e-02 1.5590e-02 1.5506e-02 1.4759e-02 1.4035e-02 1.2947e-02
1.3107e-02 1.4246e-02 1.5106e-02 1.5556e-02 1.5924e-02 1.5782e-02 1.5734e-02 1.5139e-02 1.4562e-02 1.3133e-02
1.3295e-02 1.4754e-02 1.5259e-02 1.5781e-02 1.6113e-02 1.5934e-02 1.5563e-02 1.5320e-02 1.4557e-02 1.3256e-02
1.3177e-02 1.4554e-02 1.5487e-02 1.5929e-02 1.6106e-02 1.6051e-02 1.5572e-02 1.5385e-02 1.4448e-02 1.3104e-02
1.2966e-02 1.4411e-02 1.5223e-02 1.5562e-02 1.5747e-02 1.5944e-02 1.5384e-02 1.5216e-02 1.4570e-02 1.3068e-02
1.2822e-02 1.4424e-02 1.4706e-02 1.5128e-02 1.5227e-02 1.5252e-02 1.5152e-02 1.4711e-02 1.3989e-02 1.2942e-02
1.2414e-02 1.3512e-02 1.4263e-02 1.4340e-02 1.4850e-02 1.4869e-02 1.4582e-02 1.4317e-02 1.3435e-02 1.2246e-02
1.1133e-02 1.1999e-02 1.2795e-02 1.3014e-02 1.3281e-02 1.3390e-02 1.3066e-02 1.2619e-02 1.2155e-02 1.1127e-02
Time Step 35
1.1161e-02 1.2168e-02 1.2806e-02 1.3220e-02 1.3121e-02 1.3363e-02 1.2695e-02 1.2668e-02 1.2324e-02 1.1067e-02
1.2206e-02 1.3504e-02 1.4018e-02 1.4308e-02 1.4566e-02 1.4528e-02 1.4617e-02 1.4230e-02 1.3605e-02 1.2036e-02
1.2589e-02 1.4116e-02 1.4593e-02 1.5263e-02 1.5191e-02 1.5630e-02 1.5069e-02 1.4783e-02 1.4362e-02 1.2654e-02
1.3192e-02 1.4329e-02 1.5208e-02 1.5738e-02 1.5623e-02 1.5745e-02 1.5662e-02 1.5252e-02 1.4508e-02 1.2852e-02
1.3256e-02 1.4744e-02 1.5315e-02 1.5938e-02 1.6065e-02 1.6213e-02 1.5629e-02 1.5520e-02 1.4655e-02 1.3076e-02
1.3117e-02 1.4663e-02 1.5218e-02 1.5741e-02 1.6078e-02 1.5985e-02 1.6048e-02 1.5278e-02 1.4928e-02 1.3478e-02
1.3272e-02 1.4489e-02 1.5160e-02 1.5647e-02 1.5915e-02 1.5813e-02 1.5650e-02 1.5422e-02 1.4493e-02 1.3150e-02
1.3037e-02 1.4091e-02 1.4718e-02 1.5311e-02 1.5575e-02 1.5274e-02 1.5208e-02 1.4767e-02 1.4197e-02 1.2807e-02
1.2123e-02 1.3230e-02 1.4308e-02 1.4386e-02 1.5053e-02 1.4840e-02 1.4354e-02 1.4090e-02 1.3525e-02 1.2413e-02
1.1053e-02 1.2145e-02 1.2899e-02 1.2910e-02 1.3328e-02 1.3241e-02 1.2932e-02 1.2709e-02 1.2120e-02 1.1406e-02
Time Step 36
1.0999e-02 1.2065e-02 1.2624e-02 1.3036e-02 1.3166e-02 1.3270e-02 1.3097e-02 1.2609e-02 1.2193e-02 1.1277e-02
1.2334e-02 1.3396e-02 1.4055e-02 1.4643e-02 1.4461e-02 1.4642e-02 1.4330e-02 1.3858e-02 1.3713e-02 1.1943e-02
1.2853e-02 1.4043e-02 1.4905e-02 1.5212e-02 1.5251e-02 1.5504e-02 1.5156e-02 1.4991e-02 1.4062e-02 1.2937e-02
1.3195e-02 1.4453e-02 1.5240e-02 1.5494e-02 1.6007e-02 1.5658e-02 1.5521e-02 1.5310e-02 1.4757e-02 1.3150e-02
1.3289e-02 1.4264e-02 1.5276e-02 1.5951e-02 1.6210e-02 1.5707e-02 1.5914e-02 1.5293e-02 1.4745e-02 1.3267e-02
1.3198e-02 1.4804e-02 1.5419e-02 1.5735e-02 1.6073e-02 1.5952e-02 1.5915e-02 1.5342e-02 1.4584e-02 1.3468e-02
1.3267e-02 1.4546e-02 1.5264e-02 1.5671e-02 1.5667e-02 1.5762e-02 1.5607e-02 1.5188e-02 1.4727e-02 1.3158e-02
1.2731e-02 1.4131e-02 1.4535e-02 1.5181e-02 1.5409e-02 1.5254e-02 1.5287e-02 1.4693e-02 1.4210e-02 1.2779e-02
1.2311e-02 1.3277e-02 1.4162e-02 1.4516e-02 1.4452e-02 1.5017e-02 1.4473e-02 1.4246e-02 1.3634e-02 1.2080e-02
1.1139e-02 1.2251e-02 1.2553e-02 1.3177e-02 1.3295e-02 1.3251e-02 1.3245e-02 1.2732e-02 1.2206e-02 1.0962e-02
Time Step 37
1.1196e-02 1.1935e-02 1.2851e-02 1.3301e-02 1.3170e-02 1.3111e-02 1.2878e-02 1.2807e-02 1.2190e-02 1.1313e-02
1.2325e-02 1.3432e-02 1.4353e-02 1.4353e-02 1.4529e-02 1.4583e-02 1.4455e-02 1.4283e-02 1.3326e-02 1.2424e-02
1.2613e-02 1.4299e-02 1.4697e-02 1.5036e-02 1.5463e-02 1.5436e-02 1.5411e-02 1.4660e-02 1.4033e-02 1.2899e-02
1.3266e-02 1.4706e-02 1.5172e-02 1.5448e-02 1.5753e-02 1.5865e-02 1.5439e-02 1.5147e-02 1.4679e-02 1.3205e-02
1.3248e-02 1.4627e-02 1.5246e-02 1.5710e-02 1.6091e-02 1.6049e-02 1.6066e-02 1.5565e-02 1.4877e-02 1.3317e-02
1.2923e-02 1.4739e-02 1.5130e-02 1.5867e-02 1.6139e-02 1.5914e-02 1.5639e-02 1.5224e-02 1.4489e-02 1.3228e-02
1.3049e-02 1.4368e-02 1.5349e-02 1.5744e-02 1.5705e-02 1.5770e-02 1.5419e-02 1.5329e-02 1.4667e-02 1.3208e-02
1.2980e-02 1.4048e-02 1.5010e-02 1.5348e-02 1.5336e-02 1.5282e-02 1.5292e-02 1.4695e-02 1.4207e-02 1.2479e-02
1.2292e-02 1.3603e-02 1.4127e-02 1.4534e-02 1.4752e-02 1.4740e-02 1.4532e-02 1.4034e-02 1.3496e-02 1.2437e-02
1.0909e-02 1.2427e-02 1.3007e-02 1.3135e-02 1.3255e-02 1.3310e-02 1.3150e-02 1.2764e-02 1.2259e-02 1.1062e-02
Time Step 38
1.1283e-02 1.2071e-02 1.2900e-02 1.3159e-02 1.3322e-02 1.3207e-02 1.3071e-02 1.2731e-02 1.2326e-02 1.1275e-02
1.2293e-02 1.3416e-02 1.3931e-02 1.4404e-02 1.4728e-02 1.4728e-02 1.4218e-02 1.4327e-02 1.3287e-02 1.2173e-02
1.2912e-02 1.4037e-02 1.4920e-02 1.5170e-02 1.5323e-02 1.5394e-02 1.5202e-02 1.4788e-02 1.4093e-02 1.2904e-02
1.3085e-02 1.4483e-02 1.5236e-02 1.5588e-02 1.5790e-02 1.5985e-02 1.5581e-02 1.5039e-02 1.4532e-02 1.3094e-02
1.3290e-02 1.4700e-02 1.5199e-02 1.5849e-02 1.6123e-02 1.6076e-02 1.5713e-02 1.5486e-02 1.4676e-02 1.3277e-02
1.3439e-02 1.4569e-02 1.5374e-02 1.5719e-02 1.5868e-02 1.6124e-02 1.5756e-02 1.5205e-02 1.4689e-02 1.3188e-02
1.3198e-02 1.4237e-02 1.5094e-02 1.5762e-02 1.5968e-02 1.5618e-02 1.5629e-02 1.5136e-02 1.4499e-02 1.3094e-02
1.2839e-02 1.3744e-02 1.4880e-02 1.5157e-02 1.5696e-02 1.5273e-02 1.5546e-02 1.5032e-02 1.4194e-02 1.2684e-02
1.2140e-02 1.3617e-02 1.4231e-02 1.4293e-02 1.4628e-02 1.4600e-02 1.4401e-02 1.3933e-02 1.3504e-02 1.2225e-02
1.1353e-02 1.2351e-02 1.2804e-02 1.3242e-02 1.3138e-02 1.3129e-02 1.3152e-02 1.2931e-02 1.2297e-02 1.1118e-02
Time Step 39
1.0991e-02 1.2339e-02 1.2766e-02 1.3045e-02 1.3311e-02 1.3489e-02 1.3157e-02 1.2687e-02 1.2178e-02 1.1037e-02
1.2181e-02 1.3565e-02 1.4207e-02 1.4258e-02 1.4519e-02 1.4597e-02 1.4634e-02 1.4017e-02 1.3483e-02 1.2275e-02
1.2587e-02 1.4146e-02 1.5018e-02 1.5197e-02 1.5597e-02 1.5331e-02 1.5211e-02 1.4836e-02 1.4290e-02 1.3041e-02
1.3153e-02 1.4526e-02 1.5318e-02 1.5746e-02 1.5646e-02 1.5656e-02 1.5821e-02 1.5221e-02 1.4524e-02 1.3117e-02
1.3304e-02 1.4536e-02 1.5684e-02 1.5793e-02 1.5899e-02 1.5957e-02 1.5997e-02 1.5273e-02 1.4715e-02 1.3224e-02
1.3347e-02 1.4576e-02 1.5313e-02 1.5831e-02 1.5799e-02 1.5965e-02 1.5996e-02 1.5355e-02 1.4884e-02 1.3143e-02
1.3027e-02 1.4772e-02 1.4821e-02 1.5418e-02 1.6030e-02 1.5635e-02 1.5543e-02 1.5149e-02 1.4641e-02 1.3042e-02
1.3105e-02 1.3841e-02 1.4773e-02 1.5382e-02 1.5355e-02 1.5255e-02 1.5086e-02 1.4718e-02 1.4127e-02 1.2735e-02
1.2156e-02 1.3580e-02 1.3909e-02 1.4621e-02 1.4604e-02 1.4650e-02 1.4302e-02 1.4098e-02 1.3157e-02 1.2214e-02
1.1309e-02 1.2184e-02 1.2767e-02 1.3102e-02 1.3306e-02 1.3171e-02 1.3079e-02 1.2787e-02 1.2218e-02 1.1023e-02
Time Step 40
1.1291e-02 1.2130e-02 1.2803e-02 1.3239e-02 1.3218e-02 1.3314e-02 1.3320e-02 1.2704e-02 1.2282e-02 1.1196e-02
1.2226e-02 1.3611e-02 1.4047e-02 1.4873e-02 1.4833e-02 1.4638e-02 1.4615e-02 1.4168e-02 1.3532e-02 1.2370e-02
1.2863e-02 1.4156e-02 1.4859e-02 1.5019e-02 1.5618e-02 1.5339e-02 1.4928e-02 1.4869e-02 1.4331e-02 1.2745e-02
1.3050e-02 1.4319e-02 1.5180e-02 1.5530e-02 1.5755e-02 1.5757e-02 1.5713e-02 1.5156e-02 1.4402e-02 1.3267e-02
1.3396e-02 1.4435e-02 1.5477e-02 1.5735e-02 1.5970e-02 1.6070e-02 1.5796e-02 1.5435e-02 1.4553e-02 1.3085e-02
1.3253e-02 1.4895e-02 1.5272e-02 1.5662e-02 1.6209e-02 1.6050e-02 1.5867e-02 1.5681e-02 1.4694e-02 1.3171e-02
1.2957e-02 1.4553e-02 1.5151e-02 1.5829e-02 1.5757e-02 1.5914e-02 1.5508e-02 1.5414e-02 1.4281e-02 1.3111e-02
1.2803e-02 1.4181e-02 1.4821e-02 1.5016e-02 1.5541e-02 1.5301e-02 1.5132e-02 1.4706e-02 1.4163e-02 1.2486e-02
1.2195e-02 1.3463e-02 1.4055e-02 1.4767e-02 1.4785e-02 1.4578e-02 1.4449e-02 1.4166e-02 1.3690e-02 1.2163e-02
1.1075e-02 1.2045e-02 1.2638e-02 1.3081e-02 1.3371e-02 1.3214e-02 1.3107e-02 1.2836e-02 1.2316e-02 1.1077e-02
Time Step 41
1.1112e-02 1.2195e-02 1.2767e-02 1.3173e-02 1.3286e-02 1.3139e-02 1.3199e-02 1.2785e-02 1.2217e-02 1.1209e-02
1.2100e-02 1.3360e-02 1.4137e-02 1.4669e-02 1.4454e-02 1.4635e-02 1.4344e-02 1.4063e-02 1.3485e-02 1.2110e-02
1.2630e-02 1.3793e-02 1.4734e-02 1.5124e-02 1.5306e-02 1.5379e-02 1.5107e-02 1.5065e-02 1.3985e-02 1.2521e-02
1.3221e-02 1.4547e-02 1.5220e-02 1.5885e-02 1.5854e-02 1.5575e-02 1.5526e-02 1.5322e-02 1.4328e-02 1.3135e-02
1.3310e-02 1.4711e-02 1.5564e-02 1.5852e-02 1.5953e-02 1.5791e-02 1.5676e-02 1.5364e-02 1.4722e-02 1.3434e-02
1.3293e-02 1.4649e-02 1.5466e-02 1.5762e-02 1.6143e-02 1.5923e-02 1.5772e-02 1.5380e-02 1.4594e-02 1.3399e-02
1.3151e-02 1.4570e-02 1.5242e-02 1.5642e-02 1.5893e-02 1.5805e-02 1.5563e-02 1.5652e-02 1.4546e-02 1.3334e-02
1.2855e-02 1.3989e-02 1.4815e-02 1.5271e-02 1.5614e-02 1.5471e-02 1.4984e-02 1.4921e-02 1.3977e-02 1.2870e-02
1.2364e-02 1.3457e-02 1.4471e-02 1.4668e-02 1.4491e-02 1.4747e-02 1.4078e-02 1.3964e-02 1.3631e-02 1.2251e-02
1.1158e-02 1.2296e-02 1.2511e-02 1.3165e-02 1.3488e-02 1.3188e-02 1.3057e-02 1.2939e-02 1.1941e-02 1.1094e-02
Time Step 42
1.1236e-02 1.2336e-02 1.2806e-02 1.3134e-02 1.3123e-02 1.3178e-02 1.2755e-02 1.2692e-02 1.1988e-02 1.1124e-02
1.2172e-02 1.3330e-02 1.4056e-02 1.4385e-02 1.4603e-02 1.4716e-02 1.4427e-02 1.4052e-02 1.3272e-02 1.2162e-02
1.2822e-02 1.4018e-02 1.4991e-02 1.5079e-02 1.5475e-02 1.5333e-02 1.5101e-02 1.5095e-02 1.4214e-02 1.2836e-02
1.3201e-02 1.4462e-02 1.5489e-02 1.5641e-02 1.5602e-02 1.5696e-02 1.5651e-02 1.5068e-02 1.4086e-02 1.3355e-02
1.3122e-02 1.4768e-02 1.5355e-02 1.5549e-02 1.6232e-02 1.5992e-02 1.5973e-02 1.5136e-02 1.4594e-02 1.2947e-02
1.2989e-02 1.4535e-02 1.5594e-02 1.5819e-02 1.5862e-02 1.6044e-02 1.5842e-02 1.5256e-02 1.4712e-02 1.3442e-02
1.3213e-02 1.4321e-02 1.5283e-02 1.5765e-02 1.5761e-02 1.5806e-02 1.5818e-02 1.5384e-02 1.4534e-02 1.3177e-02
1.3093e-02 1.4061e-02 1.5094e-02 1.5187e-02 1.5353e-02 1.5324e-02 1.5274e-02 1.4932e-02 1.4081e-02 1.2837e-02
1.2090e-02 1.3467e-02 1.4043e-02 1.4446e-02 1.4669e-02 1.4707e-02 1.4223e-02 1.4168e-02 1.3680e-02 1.2496e-02
1.1258e-02 1.2396e-02 1.2902e-02 1.2982e-02 1.3084e-02 1.3503e-02 1.3387e-02 1.2618e-02 1.2141e-02 1.1433e-02
Time Step 43
1.1357e-02 1.2139e-02 1.2662e-02 1.3379e-02 1.3138e-02 1.3287e-02 1.3072e-02 1.2855e-02 1.2074e-02 1.1054e-02
1.2143e-02 1.3496e-02 1.4192e-02 1.4497e-02 1.4498e-02 1.4623e-02 1.4756e-02 1.4284e-02 1.3565e-02 1.2091e-02
1.2743e-02 1.4023e-02 1.4860e-02 1.5625e-02 1.5233e-02 1.5358e-02 1.5129e-02 1.4982e-02 1.3938e-02 1.2732e-02
1.3120e-02 1.4752e-02 1.5278e-02 1.5465e-02 1.5717e-02 1.6122e-02 1.5576e-02 1.5056e-02 1.4435e-02 1.3260e-02
1.3127e-02 1.4770e-02 1.5426e-02 1.5533e-02 1.5905e-02 1.5900e-02 1.5915e-02 1.5458e-02 1.4533e-02 1.3195e-02
1.3266e-02 1.4649e-02 1.5256e-02 1.5822e-02 1.5949e-02 1.5949e-02 1.5890e-02 1.5266e-02 1.4615e-02 1.3352e-02
1.3203e-02 1.4394e-02 1.5261e-02 1.5540e-02 1.5739e-02 1.5779e-02 1.5606e-02 1.5201e-02 1.4291e-02 1.3138e-02
1.2539e-02 1.4178e-02 1.4865e-02 1.5276e-02 1.5537e-02 1.5203e-02 1.5342e-02 1.4777e-02 1.4162e-02 1.2736e-02
1.2245e-02 1.3668e-02 1.4225e-02 1.4534e-02 1.4429e-02 1.4349e-02 1.4225e-02 1.4329e-02 1.3329e-02 1.2182e-02
1.0809e-02 1.2453e-02 1.2667e-02 1.3212e-02 1.3442e-02 1.3263e-02 1.3088e-02 1.2718e-02 1.2228e-02 1.1094e-02
Time Step 44
1.1211e-02 1.2255e-02 1.2763e-02 1.3261e-02 1.3079e-02 1.3290e-02 1.3019e-02 1.2643e-02 1.2367e-02 1.1010e-02
1.2290e-02 1.3150e-02 1.4090e-02 1.4587e-02 1.4480e-02 1.4638e-02 1.4783e-02 1.4011e-02 1.3296e-02 1.2140e-02
1.2643e-02 1.4043e-02 1.4763e-02 1.5074e-02 1.5118e-02 1.5115e-02 1.5341e-02 1.4722e-02 1.4221e-02 1.2677e-02
1.3073e-02 1.4373e-02 1.5124e-02 1.5442e-02 1.5735e-02 1.5814e-02 1.5827e-02 1.5154e-02 1.4511e-02 1.3011e-02
1.3218e-02 1.4678e-02 1.5479e-02 1.5834e-02 1.5997e-02 1.5674e-02 1.5885e-02 1.5409e-02 1.4605e-02 1.3141e-02
1.3298e-02 1.4697e-02 1.5435e-02 1.5810e-02 1.5940e-02 1.5932e-02 1.5803e-02 1.5239e-02 1.4578e-02 1.3318e-02
1.3302e-02 1.4528e-02 1.5110e-02 1.5540e-02 1.5772e-02 1.5831e-02 1.5773e-02 1.5302e-02 1.4527e-02 1.3127e-02
1.2643e-02 1.4337e-02 1.4680e-02 1.5287e-02 1.5217e-02 1.5543e-02 1.5220e-02 1.4693e-02 1.4028e-02 1.3060e-02
1.2176e-02 1.3344e-02 1.3982e-02 1.4417e-02 1.4815e-02 1.4558e-02 1.4477e-02 1.4104e-02 1.3514e-02 1.2329e-02
1.1026e-02 1.2291e-02 1.2628e-02 1.3360e-02 1.3330e-02 1.2964e-02 1.3170e-02 1.2807e-02 1.2046e-02 1.1229e-02
Time Step 45
1.1248e-02 1.2375e-02 1.2872e-02 1.3276e-02 1.3211e-02 1.3256e-02 1.3086e-02 1.2486e-02 1.2203e-02 1.1464e-02
1.2370e-02 1.3667e-02 1.4060e-02 1.4545e-02 1.4527e-02 1.4556e-02 1.4420e-02 1.4235e-02 1.3703e-02 1.1858e-02
1.3083e-02 1.4304e-02 1.4615e-02 1.5198e-02 1.5374e-02 1.5297e-02 1.5269e-02 1.4779e-02 1.3894e-02 1.2692e-02
1.3144e-02 1.4407e-02 1.5411e-02 1.5703e-02 1.6021e-02 1.5599e-02 1.5515e-02 1.5232e-02 1.4445e-02 1.3075e-02
1.3220e-02 1.4710e-02 1.5200e-02 1.5605e-02 1.5961e-02 1.6001e-02 1.5740e-02 1.5377e-02 1.4590e-02 1.3188e-02
1.3492e-02 1.4818e-02 1.5634e-02 1.5906e-02 1.5847e-02 1.5933e-02 1.5679e-02 1.5453e-02 1.4868e-02 1.3276e-02
1.2869e-02 1.4277e-02 1.5284e-02 1.5256e-02 1.5842e-02 1.5672e-02 1.5573e-02 1.5246e-02 1.4714e-02 1.3208e-02
1.2755e-02 1.3982e-02 1.4714e-02 1.5051e-02 1.5591e-02 1.5382e-02 1.5203e-02 1.4899e-02 1.4103e-02 1.2867e-02
1.2229e-02 1.3417e-02 1.4367e-02 1.4261e-02 1.4932e-02 1.4347e-02 1.4374e-02 1.4022e-02 1.3606e-02 1.1991e-02
1.0958e-02 1.2276e-02 1.2558e-02 1.3390e-02 1.3309e-02 1.3558e-02 1.3274e-02 1.2642e-02 1.2357e-02 1.1083e-02
Time Step 46
1.1171e-02 1.2154e-02 1.2803e-02 1.2957e-02 1.3283e-02 1.3366e-02 1.2926e-02 1.2741e-02 1.2428e-02 1.1017e-02
1.2020e-02 1.3236e-02 1.3987e-02 1.4414e-02 1.4707e-02 1.4346e-02 1.4499e-02 1.4302e-02 1.3597e-02 1.2281e-02
1.3065e-02 1.4263e-02 1.4908e-02 1.5076e-02 1.5482e-02 1.5602e-02 1.5207e-02 1.4969e-02 1.3804e-02 1.2411e-02
1.2806e-02 1.4565e-02 1.4990e-02 1.5687e-02 1.5704e-02 1.6006e-02 1.5650e-02 1.5358e-02 1.4530e-02 1.3082e-02
1.3141e-02 1.4677e-02 1.5579e-02 1.5882e-02 1.6121e-02 1.6027e-02 1.6042e-02 1.5211e-02 1.4686e-02 1.3259e-02
1.3143e-02 1.4855e-02 1.5445e-02 1.5846e-02 1.6089e-02 1.6167e-02 1.5926e-02 1.5499e-02 1.4629e-02 1.3188e-02
1.3214e-02 1.4644e-02 1.4938e-02 1.5647e-02 1.5928e-02 1.5957e-02 1.5611e-02 1.5186e-02 1.4393e-02 1.2831e-02
1.2751e-02 1.4029e-02 1.5074e-02 1.5377e-02 1.5315e-02 1.5426e-02 1.5223e-02 1.4727e-02 1.4210e-02 1.2770e-02
1.2297e-02 1.3343e-02 1.4002e-02 1.4372e-02 1.4547e-02 1.4671e-02 1.4514e-02 1.4172e-02 1.3366e-02 1.2268e-02
1.0878e-02 1.2208e-02 1.2881e-02 1.3016e-02 1.3227e-02 1.3276e-02 1.3328e-02 1.2723e-02 1.2257e-02 1.1039e-02
Time Step 47
1.1089e-02 1.2302e-02 1.2488e-02 1.3284e-02 1.3425e-02 1.3334e-02 1.3409e-02 1.2620e-02 1.2368e-02 1.1045e-02
1.2157e-02 1.3548e-02 1.4215e-02 1.4468e-02 1.4399e-02 1.4661e-02 1.4479e-02 1.4170e-02 1.3429e-02 1.2293e-02
1.2936e-02 1.4156e-02 1.4631e-02 1.5203e-02 1.5501e-02 1.5487e-02 1.5283e-02 1.4855e-02 1.4234e-02 1.2739e-02
1.3168e-02 1.4545e-02 1.5486e-02 1.5487e-02 1.5887e-02 1.5924e-02 1.5670e-02 1.5257e-02 1.4452e-02 1.3076e-02
1.3390e-02 1.4567e-02 1.5432e-02 1.5646e-02 1.5930e-02 1.5964e-02 1.5961e-02 1.5401e-02 1.4624e-02 1.3266e-02
1.3285e-02 1.4645e-02 1.5455e-02 1.5885e-02 1.6116e-02 1.6096e-02 1.5527e-02 1.5249e-02 1.4600e-02 1.3201e-02
1.3006e-02 1.4186e-02 1.5171e-02 1.5612e-02 1.5682e-02 1.5782e-02 1.5508e-02 1.5186e-02 1.4498e-02 1.3245e-02
1.2684e-02 1.4129e-02 1.5195e-02 1.5286e-02 1.5429e-02 1.5340e-02 1.5334e-02 1.4725e-02 1.4144e-02 1.2461e-02
1.2387e-02 1.3736e-02 1.4104e-02 1.4469e-02 1.4613e-02 1.4861e-02 1.4620e-02 1.4250e-02 1.3499e-02 1.1974e-02
1.1280e-02 1.2183e-02 1.2602e-02 1.3118e-02 1.3260e-02 1.2993e-02 1.2866e-02 1.2835e-02 1.2357e-02 1.1163e-02
Time Step 48
1.1348e-02 1.2235e-02 1.2717e-02 1.2998e-02 1.3355e-02 1.3350e-02 1.3341e-02 1.2516e-02 1.2244e-02 1.1104e-02
1.2335e-02 1.3716e-02 1.4050e-02 1.4526e-02 1.4611e-02 1.4459e-02 1.4428e-02 1.4179e-02 1.3545e-02 1.2114e-02
1.2945e-02 1.4046e-02 1.4837e-02 1.5197e-02 1.5241e-02 1.5247e-02 1.5259e-02 1.4702e-02 1.4334e-02 1.2950e-02
1.3215e-02 1.4548e-02 1.5155e-02 1.5822e-02 1.5826e-02 1.5942e-02 1.5671e-02 1.5277e-02 1.4587e-02 1.2958e-02
1.3238e-02 1.4687e-02 1.5430e-02 1.6085e-02 1.6183e-02 1.6022e-02 1.6073e-02 1.5422e-02 1.4722e-02 1.3100e-02
1.3213e-02 1.4530e-02 1.5528e-02 1.5969e-02 1.6060e-02 1.5875e-02 1.5743e-02 1.5423e-02 1.4611e-02 1.3286e-02
1.3280e-02 1.4425e-02 1.5030e-02 1.5669e-02 1.5605e-02 1.5994e-02 1.5507e-02 1.5195e-02 1.4625e-02 1.3150e-02
1.2764e-02 1.4186e-02 1.4869e-02 1.5232e-02 1.5301e-02 1.5461e-02 1.4922e-02 1.4889e-02 1.4039e-02 1.2914e-02
1.2220e-02 1.3445e-02 1.4113e-02 1.4467e-02 1.4486e-02 1.4596e-02 1.4368e-02 1.4299e-02 1.3391e-02 1.2361e-02
1.1323e-02 1.2065e-02 1.2920e-02 1.3093e-02 1.3420e-02 1.3353e-02 1.3052e-02 1.2703e-02 1.2189e-02 1.1143e-02
Time Step 49
1.0985e-02 1.2214e-02 1.2742e-02 1.3281e-02 1.2936e-02 1.3202e-02 1.2844e-02 1.2558e-02 1.2392e-02 1.1123e-02
1.2364e-02 1.3647e-02 1.3818e-02 1.4679e-02 1.4350e-02 1.4608e-02 1.4528e-02 1.4075e-02 1.3265e-02 1.2352e-02
1.2628e-02 1.3978e-02 1.5282e-02 1.5210e-02 1.5166e-02 1.5420e-02 1.5344e-02 1.4974e-02 1.4191e-02 1.2739e-02
1.2947e-02 1.4414e-02 1.5178e-02 1.5906e-02 1.5914e-02 1.5859e-02 1.5728e-02 1.5041e-02 1.4323e-02 1.2864e-02
1.3449e-02 1.4692e-02 1.5368e-02 1.5772e-02 1.5935e-02 1.5871e-02 1.5589e-02 1.5628e-02 1.5015e-02 1.3301e-02
1.3237e-02 1.4860e-02 1.5513e-02 1.5797e-02 1.5687e-02 1.5881e-02 1.5646e-02 1.5488e-02 1.4621e-02 1.3257e-02
1.3067e-02 1.4689e-02 1.5455e-02 1.5699e-02 1.5769e-02 1.5885e-02 1.5584e-02 1.5100e-02 1.4517e-02 1.2941e-02
1.2886e-02 1.4114e-02 1.5090e-02 1.5115e-02 1.5102e-02 1.5090e-02 1.5094e-02 1.4936e-02 1.4063e-02 1.2766e-02
1.2337e-02 1.3475e-02 1.4180e-02 1.4274e-02 1.4641e-02 1.4483e-02 1.4057e-02 1.4141e-02 1.3443e-02 1.2505e-02
1.1293e-02 1.2282e-02 1.2600e-02 1.3201e-02 1.3063e-02 1.3055e-02 1.3102e-02 1.3076e-02 1.1964e-02 1.0941e-02
Time Step 50
1.1236e-02 1.2130e-02 1.2920e-02 1.3097e-02 1.3465e-02 1.3059e-02 1.3098e-02 1.3008e-02 1.1980e-02 1.1072e-02
1.2214e-02 1.3562e-02 1.4002e-02 1.4685e-02 1.4608e-02 1.4722e-02 1.4403e-02 1.4003e-02 1.3449e-02 1.2107e-02
1.2611e-02 1.4345e-02 1.4796e-02 1.5325e-02 1.5348e-02 1.5313e-02 1.5379e-02 1.5058e-02 1.4089e-02 1.2828e-02
1.3149e-02 1.4282e-02 1.5247e-02 1.5860e-02 1.5743e-02 1.5487e-02 1.5659e-02 1.5525e-02 1.4449e-02 1.2915e-02
1.3347e-02 1.4841e-02 1.5225e-02 1.5850e-02 1.5923e-02 1.6041e-02 1.5870e-02 1.5516e-02 1.4572e-02 1.3230e-02
1.3613e-02 1.4809e-02 1.5387e-02 1.5932e-02 1.6339e-02 1.5690e-02 1.5752e-02 1.5349e-02 1.4559e-02 1.3460e-02
1.3186e-02 1.4488e-02 1.5288e-02 1.5467e-02 1.6168e-02 1.5844e-02 1.5698e-02 1.5050e-02 1.4614e-02 1.3062e-02
1.3046e-02 1.4012e-02 1.4596e-02 1.5340e-02 1.5580e-02 1.5326e-02 1.5120e-02 1.5043e-02 1.4208e-02 1.3034e-02
1.2110e-02 1.3638e-02 1.3976e-02 1.4514e-02 1.4335e-02 1.4557e-02 1.4382e-02 1.4343e-02 1.3552e-02 1.2235e-02
1.0919e-02 1.2105e-02 1.2614e-02 1.2984e-02 1.3164e-02 1.3298e-02 1.3086e-02 1.2798e-02 1.2239e-02 1.0962e-02
