Time Step 1
1.9187e-01 2.4830e-01 2.6006e-01 2.7024e-01 2.7360e-01 2.7841e-01 2.7676e-01 2.6339e-01 2.4173e-01 1.9954e-01
2.4389e-01 3.1474e-01 3.3289e-01 3.5163e-01 3.5414e-01 3.4810e-01 3.4688e-01 3.3660e-01 3.0327e-01 2.4481e-01
2.6038e-01 3.3618e-01 3.6532e-01 3.8521e-01 3.9325e-01 3.9232e-01 3.8983e-01 3.6591e-01 3.3487e-01 2.6922e-01
2.7406e-01 3.4566e-01 3.8053e-01 3.9191e-01 4.0995e-01 3.9960e-01 3.9519e-01 3.8172e-01 3.4675e-01 2.7884e-01
2.7846e-01 3.5350e-01 3.9100e-01 4.0762e-01 4.1533e-01 4.1309e-01 4.0042e-01 3.8181e-01 3.5577e-01 2.7626e-01
2.8121e-01 3.5670e-01 3.9609e-01 4.1609e-01 4.1427e-01 4.1096e-01 4.0306e-01 3.8150e-01 3.6666e-01 2.7437e-01
2.6942e-01 3.5195e-01 3.8489e-01 4.0253e-01 4.0399e-01 4.1316e-01 3.9007e-01 3.7590e-01 3.5799e-01 2.7275e-01
2.6025e-01 3.3803e-01 3.6347e-01 3.8311e-01 3.9260e-01 3.9322e-01 3.8009e-01 3.6579e-01 3.3552e-01 2.5944e-01
2.4078e-01 3.1248e-01 3.4401e-01 3.6388e-01 3.5655e-01 3.5539e-01 3.5982e-01 3.3484e-01 3.1626e-01 2.4271e-01
1.9359e-01 2.4185e-01 2.6831e-01 2.8341e-01 2.8165e-01 2.7371e-01 2.7741e-01 2.6710e-01 2.4303e-01 1.9656e-01
Time Step 2
3.2238e-01 4.0424e-01 4.5156e-01 4.7125e-01 4.8265e-01 4.8423e-01 4.8028e-01 4.4695e-01 4.1074e-01 3.2258e-01
4.0914e-01 5.0312e-01 5.7236e-01 6.0677e-01 6.1539e-01 6.1165e-01 5.9215e-01 5.7287e-01 5.2065e-01 4.0108e-01
4.4733e-01 5.6400e-01 6.4192e-01 6.7091e-01 6.8978e-01 6.7791e-01 6.6730e-01 6.2715e-01 5.6776e-01 4.4952e-01
4.7472e-01 5.8897e-01 6.6897e-01 7.0852e-01 7.2938e-01 7.2566e-01 7.1174e-01 6.7860e-01 6.0740e-01 4.7554e-01
4.8241e-01 6.2176e-01 6.9047e-01 7.3603e-01 7.5671e-01 7.5496e-01 7.2348e-01 6.8528e-01 6.1085e-01 4.8473e-01
4.8934e-01 6.2240e-01 6.8291e-01 7.3032e-01 7.4443e-01 7.3761e-01 7.2267e-01 6.8633e-01 6.1409e-01 4.8360e-01
4.8950e-01 5.9976e-01 6.7191e-01 7.0584e-01 7.2336e-01 7.2639e-01 7.0795e-01 6.6045e-01 5.9591e-01 4.7794e-01
4.5020e-01 5.6226e-01 6.3170e-01 6.6769e-01 6.9062e-01 6.9386e-01 6.6777e-01 6.0886e-01 5.7006e-01 4.4595e-01
4.0958e-01 5.0229e-01 5.6124e-01 6.1176e-01 6.2345e-01 6.1751e-01 5.9479e-01 5.6003e-01 5.1180e-01 4.0502e-01
3.3364e-01 4.1104e-01 4.5661e-01 4.8380e-01 4.9321e-01 4.9306e-01 4.7774e-01 4.5482e-01 4.1297e-01 3.3087e-01
Time Step 3
3.9222e-01 4.8445e-01 5.3285e-01 5.5902e-01 5.6884e-01 5.6453e-01 5.6140e-01 5.4240e-01 4.8756e-01 3.9454e-01
4.7839e-01 5.9069e-01 6.5301e-01 6.9383e-01 7.0202e-01 7.0901e-01 6.8967e-01 6.6149e-01 5.9988e-01 4.8248e-01
5.2014e-01 6.3432e-01 7.2368e-01 7.6907e-01 7.7519e-01 7.6546e-01 7.7433e-01 7.1734e-01 6.5209e-01 5.2566e-01
5.5382e-01 6.6203e-01 7.6873e-01 8.0367e-01 8.2583e-01 8.1093e-01 8.0346e-01 7.5369e-01 6.8429e-01 5.5926e-01
5.7518e-01 7.1132e-01 7.7839e-01 8.2470e-01 8.4581e-01 8.4202e-01 8.3229e-01 7.7267e-01 7.1832e-01 5.7383e-01
5.7078e-01 7.0800e-01 7.8205e-01 8.3220e-01 8.4921e-01 8.6134e-01 8.3551e-01 7.6851e-01 7.0687e-01 5.7387e-01
5.5133e-01 6.9076e-01 7.5710e-01 8.1165e-01 8.4036e-01 8.2330e-01 8.0255e-01 7.5624e-01 6.8248e-01 5.4246e-01
5.2561e-01 6.4972e-01 7.1533e-01 7.6162e-01 7.9382e-01 7.7829e-01 7.6845e-01 7.2019e-01 6.5714e-01 5.2725e-01
4.8288e-01 5.9315e-01 6.6496e-01 6.9884e-01 7.0979e-01 7.1689e-01 6.8437e-01 6.5432e-01 5.9944e-01 4.7684e-01
4.0081e-01 4.7657e-01 5.3628e-01 5.5565e-01 5.7552e-01 5.7254e-01 5.5840e-01 5.3316e-01 4.7910e-01 3.9297e-01
Time Step 4
4.1845e-01 4.9760e-01 5.5283e-01 5.7899e-01 5.9801e-01 6.0142e-01 5.8375e-01 5.5798e-01 5.0754e-01 4.1439e-01
5.0321e-01 6.1826e-01 6.7962e-01 7.2616e-01 7.4804e-01 7.3312e-01 7.2405e-01 6.8748e-01 6.1978e-01 5.0862e-01
5.5683e-01 6.7230e-01 7.5776e-01 8.0822e-01 8.1768e-01 8.2141e-01 7.9252e-01 7.5560e-01 6.9131e-01 5.5960e-01
5.8698e-01 7.1134e-01 7.9325e-01 8.4593e-01 8.5966e-01 8.6782e-01 8.3538e-01 8.1064e-01 7.2602e-01 5.8815e-01
6.0263e-01 7.3203e-01 8.1570e-01 8.7183e-01 8.7874e-01 8.8306e-01 8.6238e-01 8.1264e-01 7.3894e-01 6.1072e-01
5.9738e-01 7.3179e-01 8.1472e-01 8.5993e-01 8.8560e-01 8.7601e-01 8.4894e-01 8.2695e-01 7.3682e-01 6.1094e-01
5.8874e-01 7.2771e-01 8.0814e-01 8.4369e-01 8.6160e-01 8.6049e-01 8.3471e-01 7.8981e-01 7.1439e-01 5.8646e-01
5.5684e-01 6.7868e-01 7.5378e-01 7.9551e-01 8.1117e-01 8.1272e-01 8.0948e-01 7.6154e-01 6.8494e-01 5.5971e-01
5.1565e-01 6.1925e-01 6.9473e-01 7.3742e-01 7.3645e-01 7.3497e-01 7.2457e-01 6.8157e-01 6.2127e-01 5.1196e-01
4.2334e-01 5.0800e-01 5.5434e-01 5.9053e-01 6.0731e-01 5.9817e-01 5.8196e-01 5.5787e-01 5.0865e-01 4.2143e-01
Time Step 5
4.2592e-01 5.0497e-01 5.6138e-01 5.8666e-01 6.2411e-01 6.1888e-01 5.9662e-01 5.7292e-01 5.1602e-01 4.3160e-01
5.1826e-01 6.2325e-01 6.9979e-01 7.1639e-01 7.5396e-01 7.4817e-01 7.3938e-01 7.0068e-01 6.3283e-01 5.2308e-01
5.7420e-01 6.9298e-01 7.7633e-01 7.9998e-01 8.2563e-01 8.3099e-01 8.0724e-01 7.7242e-01 6.8961e-01 5.6230e-01
6.0594e-01 7.2393e-01 7.9691e-01 8.4269e-01 8.7260e-01 8.9024e-01 8.4575e-01 8.1016e-01 7.3460e-01 6.0184e-01
6.0668e-01 7.4573e-01 8.2308e-01 8.7212e-01 8.9341e-01 8.9463e-01 8.7809e-01 8.3230e-01 7.4529e-01 6.1449e-01
5.9822e-01 7.3814e-01 8.1951e-01 8.6416e-01 9.0506e-01 8.9006e-01 8.6764e-01 8.3275e-01 7.4312e-01 6.0277e-01
5.8279e-01 7.2495e-01 8.0418e-01 8.4884e-01 8.7359e-01 8.7303e-01 8.4899e-01 8.0822e-01 7.2149e-01 5.9236e-01
5.6946e-01 6.9268e-01 7.6212e-01 8.0194e-01 8.3617e-01 8.3162e-01 8.1851e-01 7.7138e-01 6.9721e-01 5.7233e-01
5.2528e-01 6.4237e-01 6.7667e-01 7.2758e-01 7.6661e-01 7.5280e-01 7.4146e-01 7.0949e-01 6.3823e-01 5.2401e-01
4.3139e-01 5.2498e-01 5.6963e-01 5.9484e-01 6.0640e-01 6.1656e-01 6.0363e-01 5.6500e-01 5.1073e-01 4.2573e-01
Time Step 6
4.2804e-01 5.2484e-01 5.8267e-01 6.0724e-01 6.1066e-01 6.1555e-01 5.9807e-01 5.7577e-01 5.2410e-01 4.3535e-01
5.2376e-01 6.3301e-01 6.9221e-01 7.2317e-01 7.4347e-01 7.5574e-01 7.5412e-01 7.1169e-01 6.4029e-01 5.2636e-01
5.7635e-01 6.9862e-01 7.5637e-01 8.0752e-01 8.4173e-01 8.2901e-01 8.2262e-01 7.5745e-01 6.9773e-01 5.8220e-01
5.8828e-01 7.2868e-01 8.2880e-01 8.6094e-01 8.8402e-01 8.7810e-01 8.6081e-01 8.0247e-01 7.3544e-01 6.0110e-01
6.0220e-01 7.5364e-01 8.4878e-01 8.7211e-01 9.0368e-01 9.0125e-01 8.8211e-01 8.3431e-01 7.6636e-01 6.1622e-01
6.1283e-01 7.4851e-01 8.3364e-01 8.7837e-01 8.8337e-01 8.9234e-01 8.7572e-01 8.3298e-01 7.5684e-01 6.0555e-01
5.9039e-01 7.3077e-01 8.0790e-01 8.5896e-01 8.7922e-01 8.6871e-01 8.5288e-01 8.2337e-01 7.3708e-01 5.9904e-01
5.6356e-01 7.0017e-01 7.7060e-01 8.2441e-01 8.3503e-01 8.3163e-01 8.0424e-01 7.7365e-01 7.0277e-01 5.8758e-01
5.1169e-01 6.4259e-01 7.0811e-01 7.4060e-01 7.4620e-01 7.6350e-01 7.4857e-01 7.0776e-01 6.3896e-01 5.2880e-01
4.2608e-01 5.1783e-01 5.7277e-01 5.9596e-01 6.1279e-01 6.1482e-01 6.1139e-01 5.8423e-01 5.2939e-01 4.3438e-01
Time Step 7
4.2910e-01 5.1916e-01 5.6337e-01 6.0141e-01 6.1608e-01 6.2650e-01 6.1721e-01 5.8570e-01 5.3288e-01 4.3238e-01
5.2104e-01 6.3068e-01 6.9552e-01 7.1583e-01 7.5709e-01 7.6096e-01 7.4762e-01 7.2151e-01 6.5084e-01 5.3352e-01
5.6827e-01 7.0270e-01 7.8257e-01 8.1739e-01 8.3488e-01 8.3534e-01 8.1995e-01 7.7907e-01 7.1104e-01 5.9170e-01
6.0739e-01 7.5112e-01 8.2554e-01 8.6691e-01 8.9259e-01 9.0312e-01 8.6949e-01 8.1566e-01 7.3558e-01 6.0550e-01
6.2602e-01 7.4922e-01 8.3193e-01 8.7472e-01 9.0567e-01 9.0778e-01 8.9136e-01 8.4793e-01 7.5209e-01 6.1507e-01
6.2321e-01 7.4058e-01 8.2747e-01 8.8111e-01 8.9428e-01 8.9028e-01 8.8319e-01 8.4319e-01 7.5519e-01 6.0664e-01
5.9749e-01 7.2555e-01 8.1502e-01 8.4921e-01 8.9342e-01 8.7287e-01 8.5698e-01 8.1690e-01 7.2937e-01 6.1647e-01
5.7257e-01 6.9441e-01 7.7320e-01 8.1863e-01 8.3193e-01 8.3751e-01 8.0678e-01 7.7629e-01 7.0046e-01 5.7529e-01
5.1640e-01 6.3440e-01 6.9642e-01 7.4699e-01 7.5952e-01 7.6950e-01 7.3956e-01 7.0003e-01 6.2832e-01 5.1461e-01
4.2944e-01 5.2924e-01 5.7688e-01 6.0838e-01 6.2247e-01 6.1811e-01 6.0900e-01 5.7175e-01 5.2259e-01 4.3157e-01
Time Step 8
4.2971e-01 5.2803e-01 5.7187e-01 5.9711e-01 6.2166e-01 6.2121e-01 6.1277e-01 5.8261e-01 5.3033e-01 4.4210e-01
5.2494e-01 6.3293e-01 6.9318e-01 7.3149e-01 7.7487e-01 7.6826e-01 7.4861e-01 7.0904e-01 6.4372e-01 5.2653e-01
5.8139e-01 6.9707e-01 7.7323e-01 8.1483e-01 8.4079e-01 8.4977e-01 8.3627e-01 7.7454e-01 7.1576e-01 5.8117e-01
6.1007e-01 7.4460e-01 8.1191e-01 8.6000e-01 8.8533e-01 8.8999e-01 8.8105e-01 8.1684e-01 7.4547e-01 5.9954e-01
6.1930e-01 7.5993e-01 8.3464e-01 8.8160e-01 9.0801e-01 9.1514e-01 9.0130e-01 8.5013e-01 7.6284e-01 6.1360e-01
6.2527e-01 7.5947e-01 8.3919e-01 8.9328e-01 8.9852e-01 9.1240e-01 8.8770e-01 8.5110e-01 7.3718e-01 6.1522e-01
6.1400e-01 7.3475e-01 8.1493e-01 8.6426e-01 8.6729e-01 8.8756e-01 8.5946e-01 8.2382e-01 7.4390e-01 6.1007e-01
5.7570e-01 7.0276e-01 7.8730e-01 8.2384e-01 8.3606e-01 8.4752e-01 8.3354e-01 7.8072e-01 6.9455e-01 5.6635e-01
5.2780e-01 6.4461e-01 7.1402e-01 7.4609e-01 7.5512e-01 7.5968e-01 7.4684e-01 7.1179e-01 6.3686e-01 5.2375e-01
4.4180e-01 5.3479e-01 5.8291e-01 6.0666e-01 6.2039e-01 6.2604e-01 6.0565e-01 5.5714e-01 5.1571e-01 4.3657e-01
Time Step 9
4.3803e-01 5.2136e-01 5.8038e-01 6.1079e-01 6.2463e-01 6.2867e-01 6.0659e-01 5.7631e-01 5.3333e-01 4.4044e-01
5.2481e-01 6.4148e-01 7.0192e-01 7.4976e-01 7.7119e-01 7.7838e-01 7.4155e-01 6.9740e-01 6.4985e-01 5.3011e-01
5.7184e-01 6.9616e-01 7.9049e-01 8.3480e-01 8.4150e-01 8.4660e-01 8.2733e-01 7.8042e-01 7.0414e-01 5.7709e-01
6.0968e-01 7.3381e-01 8.0571e-01 8.7238e-01 8.9738e-01 8.8962e-01 8.7895e-01 8.2105e-01 7.3384e-01 6.0506e-01
6.1808e-01 7.6759e-01 8.3202e-01 8.8443e-01 9.2305e-01 9.1081e-01 8.8011e-01 8.4109e-01 7.4856e-01 6.2844e-01
6.2326e-01 7.6817e-01 8.2908e-01 8.7368e-01 9.0987e-01 9.1156e-01 8.9301e-01 8.4021e-01 7.6491e-01 6.2156e-01
6.0437e-01 7.4134e-01 8.2165e-01 8.6562e-01 8.9520e-01 8.8427e-01 8.5379e-01 8.2021e-01 7.5291e-01 6.0993e-01
5.7588e-01 6.9693e-01 7.7387e-01 8.2070e-01 8.3754e-01 8.3823e-01 8.2235e-01 7.7239e-01 6.9864e-01 5.7656e-01
5.3425e-01 6.4783e-01 7.0991e-01 7.6070e-01 7.6805e-01 7.6217e-01 7.4176e-01 7.1119e-01 6.4092e-01 5.2723e-01
4.3584e-01 5.2618e-01 5.8735e-01 6.1806e-01 6.2294e-01 6.1335e-01 6.0467e-01 5.7552e-01 5.2510e-01 4.3498e-01
Time Step 10
4.4696e-01 5.2795e-01 5.7846e-01 6.0918e-01 6.2500e-01 6.2792e-01 6.0146e-01 5.7828e-01 5.2884e-01 4.3895e-01
5.1618e-01 6.4300e-01 7.1527e-01 7.4432e-01 7.5000e-01 7.5808e-01 7.3733e-01 7.1545e-01 6.6034e-01 5.3298e-01
5.6430e-01 7.0415e-01 7.8339e-01 8.2285e-01 8.4040e-01 8.6061e-01 8.2180e-01 7.8354e-01 7.0383e-01 5.8122e-01
6.0059e-01 7.4335e-01 8.3397e-01 8.7490e-01 8.9520e-01 8.8210e-01 8.6911e-01 8.1883e-01 7.4132e-01 6.0964e-01
6.2942e-01 7.7411e-01 8.4723e-01 8.8647e-01 9.0643e-01 9.0713e-01 8.8391e-01 8.4232e-01 7.5791e-01 6.1429e-01
6.2001e-01 7.5543e-01 8.4656e-01 8.8032e-01 9.1508e-01 9.0825e-01 8.9572e-01 8.4453e-01 7.6159e-01 6.2819e-01
6.0590e-01 7.4838e-01 8.2777e-01 8.7351e-01 8.8542e-01 8.9882e-01 8.6817e-01 8.3005e-01 7.4541e-01 6.1625e-01
5.8685e-01 7.1330e-01 7.7672e-01 8.2322e-01 8.4120e-01 8.4599e-01 8.2952e-01 7.8547e-01 7.1200e-01 5.8355e-01
5.3490e-01 6.3806e-01 7.0141e-01 7.4086e-01 7.6416e-01 7.6283e-01 7.4416e-01 7.1450e-01 6.3593e-01 5.2102e-01
4.3692e-01 5.3052e-01 5.8293e-01 6.1040e-01 6.2163e-01 6.3145e-01 6.1427e-01 5.8004e-01 5.3581e-01 4.4109e-01
Time Step 11
4.2557e-01 5.2027e-01 5.7482e-01 6.0608e-01 6.3296e-01 6.1883e-01 6.0874e-01 5.7459e-01 5.3603e-01 4.5080e-01
5.2707e-01 6.3879e-01 7.0567e-01 7.4294e-01 7.6967e-01 7.4898e-01 7.2612e-01 6.9005e-01 6.4242e-01 5.2804e-01
5.8320e-01 7.0309e-01 7.9175e-01 8.3948e-01 8.4857e-01 8.4896e-01 8.1403e-01 7.7809e-01 7.1096e-01 5.8545e-01
6.1253e-01 7.3663e-01 8.2541e-01 8.6595e-01 8.9312e-01 9.0318e-01 8.6838e-01 8.2769e-01 7.3912e-01 6.0874e-01
6.2533e-01 7.6258e-01 8.4162e-01 8.9912e-01 9.1905e-01 9.2081e-01 8.9671e-01 8.4140e-01 7.6082e-01 6.1620e-01
6.1318e-01 7.5370e-01 8.3350e-01 8.9300e-01 9.2049e-01 9.2237e-01 8.9022e-01 8.5197e-01 7.7105e-01 6.1655e-01
6.0431e-01 7.3091e-01 8.1929e-01 8.5808e-01 8.9372e-01 8.9183e-01 8.6644e-01 8.1876e-01 7.3905e-01 6.1392e-01
5.9013e-01 7.1559e-01 7.8672e-01 8.2865e-01 8.4584e-01 8.3412e-01 8.1440e-01 7.7708e-01 7.1846e-01 5.8132e-01
5.3525e-01 6.4571e-01 7.0213e-01 7.4152e-01 7.5896e-01 7.5740e-01 7.4076e-01 6.9783e-01 6.4631e-01 5.3131e-01
4.4375e-01 5.2469e-01 5.7758e-01 6.1101e-01 6.1827e-01 6.2214e-01 6.0339e-01 5.7904e-01 5.3402e-01 4.4170e-01
Time Step 12
4.4590e-01 5.3264e-01 5.8941e-01 6.0818e-01 6.1988e-01 6.2291e-01 6.1381e-01 5.8063e-01 5.2818e-01 4.3683e-01
5.2599e-01 6.4023e-01 7.1648e-01 7.4750e-01 7.6294e-01 7.6667e-01 7.5291e-01 7.0205e-01 6.4136e-01 5.1866e-01
5.8788e-01 7.1765e-01 7.8384e-01 8.3326e-01 8.4979e-01 8.4980e-01 8.2636e-01 7.8679e-01 7.1548e-01 5.8338e-01
6.1260e-01 7.3398e-01 8.1934e-01 8.5776e-01 8.9606e-01 8.9504e-01 8.7481e-01 8.2550e-01 7.4656e-01 6.0053e-01
6.2256e-01 7.5909e-01 8.4752e-01 8.7389e-01 9.0462e-01 9.2035e-01 9.0040e-01 8.3973e-01 7.6951e-01 6.2149e-01
6.2294e-01 7.7095e-01 8.5350e-01 9.0534e-01 9.1897e-01 9.0346e-01 8.9881e-01 8.4638e-01 7.6365e-01 6.2805e-01
6.1185e-01 7.6137e-01 8.2568e-01 8.7362e-01 8.8414e-01 8.9078e-01 8.6671e-01 8.2038e-01 7.4932e-01 6.0434e-01
5.7636e-01 7.1880e-01 7.8133e-01 8.2566e-01 8.4462e-01 8.3452e-01 8.2411e-01 7.8453e-01 7.0462e-01 5.8263e-01
5.2566e-01 6.3762e-01 7.0877e-01 7.3525e-01 7.5365e-01 7.5520e-01 7.4519e-01 6.9814e-01 6.4085e-01 5.2101e-01
4.3913e-01 5.2840e-01 5.7377e-01 5.9920e-01 6.2124e-01 6.1311e-01 6.0567e-01 5.7739e-01 5.2202e-01 4.3342e-01
Time Step 13
4.4356e-01 5.3322e-01 5.7736e-01 6.1121e-01 6.2361e-01 6.2061e-01 6.1098e-01 5.8062e-01 5.2672e-01 4.3544e-01
5.3074e-01 6.4407e-01 7.0976e-01 7.4868e-01 7.6254e-01 7.6718e-01 7.5575e-01 7.0183e-01 6.3957e-01 5.2464e-01
5.9122e-01 7.0472e-01 7.8430e-01 8.0423e-01 8.3226e-01 8.4611e-01 8.2577e-01 7.7598e-01 7.0605e-01 5.7196e-01
6.0803e-01 7.4179e-01 8.2465e-01 8.7095e-01 8.7605e-01 8.8030e-01 8.6430e-01 8.2327e-01 7.3796e-01 6.0243e-01
6.1862e-01 7.5771e-01 8.4883e-01 8.9563e-01 9.1032e-01 9.2333e-01 8.8741e-01 8.3226e-01 7.5563e-01 6.3332e-01
6.2926e-01 7.6132e-01 8.4007e-01 8.8544e-01 9.2371e-01 9.2464e-01 8.9255e-01 8.4287e-01 7.6975e-01 6.2849e-01
6.0940e-01 7.4607e-01 8.3371e-01 8.6363e-01 9.0110e-01 9.0369e-01 8.7108e-01 8.1649e-01 7.5108e-01 6.1283e-01
5.6488e-01 6.9888e-01 7.8526e-01 8.2333e-01 8.5036e-01 8.5697e-01 8.3175e-01 7.7463e-01 7.0788e-01 5.7558e-01
5.2398e-01 6.3760e-01 7.1245e-01 7.4344e-01 7.5946e-01 7.5509e-01 7.3247e-01 7.0218e-01 6.4075e-01 5.2913e-01
4.2955e-01 5.2105e-01 5.8179e-01 6.0652e-01 6.1903e-01 6.2656e-01 5.9890e-01 5.7007e-01 5.2540e-01 4.5107e-01
Time Step 14
4.4467e-01 5.3284e-01 5.8336e-01 6.1178e-01 6.1631e-01 6.2320e-01 5.9360e-01 5.7067e-01 5.2418e-01 4.4368e-01
5.2085e-01 6.4095e-01 7.1445e-01 7.4386e-01 7.6176e-01 7.6148e-01 7.4969e-01 6.9603e-01 6.3406e-01 5.3219e-01
5.7473e-01 6.9920e-01 7.8897e-01 8.1196e-01 8.3522e-01 8.4611e-01 8.1752e-01 7.8712e-01 7.0503e-01 5.8493e-01
5.9585e-01 7.4170e-01 8.3012e-01 8.8409e-01 8.7932e-01 8.9717e-01 8.7387e-01 8.3916e-01 7.4122e-01 6.0951e-01
6.1485e-01 7.5138e-01 8.3978e-01 8.8248e-01 9.1800e-01 9.2224e-01 8.8395e-01 8.5139e-01 7.5544e-01 6.1627e-01
6.2869e-01 7.5175e-01 8.3897e-01 8.8883e-01 9.0683e-01 9.0684e-01 8.8757e-01 8.3920e-01 7.6378e-01 6.2423e-01
6.0532e-01 7.2812e-01 8.2709e-01 8.6498e-01 8.8967e-01 8.9212e-01 8.6190e-01 8.1322e-01 7.3653e-01 6.1012e-01
5.7769e-01 6.9616e-01 7.7486e-01 8.1274e-01 8.5044e-01 8.4466e-01 8.3239e-01 7.7252e-01 7.0908e-01 5.8286e-01
5.1979e-01 6.3966e-01 7.1446e-01 7.4206e-01 7.5291e-01 7.5487e-01 7.4638e-01 7.1632e-01 6.5014e-01 5.2731e-01
4.3402e-01 5.3066e-01 5.7664e-01 6.0220e-01 6.2791e-01 6.1030e-01 6.0331e-01 5.8778e-01 5.2614e-01 4.3691e-01
Time Step 15
4.3840e-01 5.3868e-01 5.7191e-01 6.0794e-01 6.1726e-01 6.1313e-01 5.9663e-01 5.7608e-01 5.3106e-01 4.4152e-01
5.2474e-01 6.4159e-01 7.1597e-01 7.4379e-01 7.5095e-01 7.6989e-01 7.4982e-01 7.1446e-01 6.3603e-01 5.3545e-01
5.8534e-01 6.9835e-01 7.9415e-01 8.2097e-01 8.3202e-01 8.3947e-01 8.3044e-01 7.8556e-01 7.1003e-01 5.7882e-01
6.1269e-01 7.4453e-01 8.3548e-01 8.7434e-01 8.6548e-01 8.8790e-01 8.6261e-01 8.1960e-01 7.4364e-01 6.1158e-01
6.2392e-01 7.5400e-01 8.3880e-01 8.8372e-01 9.0723e-01 8.9929e-01 8.8833e-01 8.4808e-01 7.6752e-01 6.3466e-01
6.2153e-01 7.6012e-01 8.3608e-01 8.7881e-01 9.0745e-01 9.1611e-01 8.9526e-01 8.5327e-01 7.7510e-01 6.2197e-01
6.0122e-01 7.3915e-01 8.0845e-01 8.7041e-01 8.8246e-01 8.8339e-01 8.7489e-01 8.2918e-01 7.4899e-01 6.0486e-01
5.6951e-01 7.1017e-01 7.6625e-01 8.1315e-01 8.4066e-01 8.3450e-01 8.2370e-01 7.7756e-01 7.0013e-01 5.6260e-01
5.3161e-01 6.4250e-01 6.9815e-01 7.3490e-01 7.5857e-01 7.5869e-01 7.4327e-01 7.0938e-01 6.4691e-01 5.2659e-01
4.4027e-01 5.2828e-01 5.8270e-01 6.0257e-01 6.3678e-01 6.3210e-01 5.9720e-01 5.7318e-01 5.2544e-01 4.4319e-01
Time Step 16
4.3777e-01 5.2893e-01 5.8534e-01 6.1202e-01 6.2757e-01 6.1803e-01 6.0210e-01 5.7811e-01 5.3340e-01 4.4162e-01
5.2941e-01 6.5060e-01 7.1075e-01 7.5198e-01 7.6421e-01 7.5397e-01 7.4192e-01 6.9679e-01 6.4142e-01 5.3472e-01
5.8052e-01 7.0961e-01 7.8269e-01 8.4063e-01 8.3496e-01 8.3222e-01 8.2985e-01 7.8903e-01 7.0245e-01 5.7454e-01
6.0987e-01 7.3871e-01 8.1322e-01 8.7452e-01 8.9316e-01 8.7877e-01 8.5433e-01 8.1555e-01 7.4534e-01 6.1468e-01
6.1678e-01 7.6382e-01 8.4218e-01 8.8966e-01 9.1678e-01 9.0298e-01 8.8299e-01 8.3666e-01 7.5369e-01 6.2813e-01
6.1997e-01 7.5310e-01 8.3979e-01 8.8385e-01 9.1006e-01 9.0719e-01 9.0125e-01 8.3099e-01 7.6919e-01 6.2982e-01
6.0828e-01 7.3426e-01 8.2305e-01 8.7019e-01 8.9667e-01 8.8111e-01 8.6968e-01 8.2100e-01 7.5947e-01 6.1457e-01
5.6260e-01 6.9341e-01 7.7883e-01 8.1610e-01 8.3809e-01 8.3487e-01 8.1378e-01 7.7676e-01 7.1773e-01 5.9244e-01
5.2832e-01 6.3590e-01 7.0131e-01 7.3875e-01 7.6008e-01 7.6032e-01 7.4129e-01 7.0419e-01 6.4075e-01 5.3014e-01
4.3734e-01 5.1499e-01 5.7540e-01 6.0618e-01 6.2863e-01 6.1877e-01 5.9923e-01 5.6866e-01 5.2232e-01 4.3703e-01
Time Step 17
4.3772e-01 5.2642e-01 5.8308e-01 6.0667e-01 6.2831e-01 6.1814e-01 6.0736e-01 5.8450e-01 5.2808e-01 4.3829e-01
5.2557e-01 6.4856e-01 7.0533e-01 7.4481e-01 7.6794e-01 7.6436e-01 7.4308e-01 6.9568e-01 6.3310e-01 5.2614e-01
5.7132e-01 7.0873e-01 7.8687e-01 8.2575e-01 8.5574e-01 8.4698e-01 8.1355e-01 7.7049e-01 7.0613e-01 5.7309e-01
5.9414e-01 7.5115e-01 8.2758e-01 8.6408e-01 8.8188e-01 8.8979e-01 8.6854e-01 8.2529e-01 7.4461e-01 6.0655e-01
6.1368e-01 7.4390e-01 8.3897e-01 8.8877e-01 9.0989e-01 9.0847e-01 8.8099e-01 8.4082e-01 7.5614e-01 6.1039e-01
6.2152e-01 7.5178e-01 8.3854e-01 8.8713e-01 9.1434e-01 9.0402e-01 8.9220e-01 8.2941e-01 7.4755e-01 6.1292e-01
6.0444e-01 7.2599e-01 8.0585e-01 8.6943e-01 8.9379e-01 8.7096e-01 8.7322e-01 8.2012e-01 7.4167e-01 6.1029e-01
5.6600e-01 6.8910e-01 7.7594e-01 8.2672e-01 8.3713e-01 8.3476e-01 8.2608e-01 7.7504e-01 7.0377e-01 5.8395e-01
5.2078e-01 6.4111e-01 7.0396e-01 7.4859e-01 7.5283e-01 7.7313e-01 7.3239e-01 7.0775e-01 6.4186e-01 5.3854e-01
4.3492e-01 5.2346e-01 5.7551e-01 6.0859e-01 6.3270e-01 6.2913e-01 6.1577e-01 5.8020e-01 5.2948e-01 4.4169e-01
Time Step 18
4.3499e-01 5.1931e-01 5.7461e-01 6.0859e-01 6.1932e-01 6.1617e-01 6.1258e-01 5.7686e-01 5.2822e-01 4.4161e-01
5.3327e-01 6.5473e-01 7.0882e-01 7.2832e-01 7.4630e-01 7.4621e-01 7.4586e-01 7.0563e-01 6.3673e-01 5.3303e-01
5.8103e-01 7.1045e-01 7.8250e-01 8.2967e-01 8.4642e-01 8.3663e-01 8.1778e-01 7.7966e-01 6.9587e-01 5.8627e-01
5.9966e-01 7.4028e-01 8.3480e-01 8.8794e-01 8.8880e-01 8.7851e-01 8.5395e-01 8.1638e-01 7.5250e-01 6.1170e-01
6.1563e-01 7.5793e-01 8.4835e-01 8.8531e-01 9.0859e-01 8.9566e-01 8.8001e-01 8.2719e-01 7.6542e-01 6.2850e-01
6.0960e-01 7.5067e-01 8.4508e-01 8.8258e-01 9.0148e-01 9.0701e-01 8.9392e-01 8.4942e-01 7.6677e-01 6.1868e-01
6.1775e-01 7.4570e-01 8.2070e-01 8.6499e-01 8.9170e-01 8.9741e-01 8.7183e-01 8.2425e-01 7.4000e-01 5.9893e-01
5.8762e-01 7.1106e-01 7.9161e-01 8.0756e-01 8.4074e-01 8.3289e-01 8.2267e-01 7.8390e-01 7.1178e-01 5.7714e-01
5.3156e-01 6.3958e-01 7.0632e-01 7.4253e-01 7.5787e-01 7.4809e-01 7.3511e-01 7.0340e-01 6.5502e-01 5.2897e-01
4.3858e-01 5.2929e-01 5.8465e-01 5.9735e-01 6.1562e-01 6.1500e-01 6.0551e-01 5.7962e-01 5.3670e-01 4.4530e-01
Time Step 19
4.4544e-01 5.2865e-01 5.7578e-01 6.1190e-01 6.2801e-01 6.2544e-01 6.0338e-01 5.7675e-01 5.3128e-01 4.4673e-01
5.3109e-01 6.4873e-01 7.1440e-01 7.4160e-01 7.5366e-01 7.6801e-01 7.3870e-01 7.1123e-01 6.3803e-01 5.2026e-01
5.8548e-01 7.0897e-01 7.8605e-01 8.0820e-01 8.5149e-01 8.5564e-01 8.2700e-01 7.8033e-01 7.0518e-01 5.8964e-01
6.1545e-01 7.4471e-01 8.2821e-01 8.8031e-01 8.8724e-01 8.9332e-01 8.6878e-01 8.1575e-01 7.4216e-01 6.1207e-01
6.3024e-01 7.4942e-01 8.4420e-01 8.9559e-01 9.1806e-01 9.1525e-01 8.8455e-01 8.3702e-01 7.6943e-01 6.3549e-01
6.2170e-01 7.5683e-01 8.3791e-01 8.7962e-01 9.1545e-01 9.1176e-01 8.8963e-01 8.5983e-01 7.7065e-01 6.1660e-01
6.1381e-01 7.4095e-01 8.2756e-01 8.6293e-01 8.7958e-01 8.8977e-01 8.7774e-01 8.3271e-01 7.3928e-01 5.9969e-01
5.7445e-01 7.0170e-01 7.8198e-01 8.1397e-01 8.3160e-01 8.4266e-01 8.1931e-01 7.6298e-01 6.9169e-01 5.8167e-01
5.2352e-01 6.3237e-01 6.9078e-01 7.4342e-01 7.4976e-01 7.7006e-01 7.4139e-01 6.9735e-01 6.4755e-01 5.2679e-01
4.4301e-01 5.2994e-01 5.7608e-01 6.0301e-01 6.1675e-01 6.1916e-01 6.0801e-01 5.8335e-01 5.2914e-01 4.3373e-01
Time Step 20
4.5225e-01 5.2681e-01 5.7500e-01 6.1811e-01 6.2893e-01 6.2688e-01 6.0052e-01 5.7873e-01 5.4305e-01 4.4541e-01
5.2867e-01 6.4313e-01 7.1400e-01 7.3691e-01 7.7438e-01 7.7290e-01 7.4427e-01 7.0006e-01 6.5353e-01 5.3027e-01
5.7799e-01 7.0583e-01 7.7490e-01 8.1059e-01 8.3730e-01 8.4029e-01 8.1876e-01 7.8097e-01 7.0886e-01 5.7590e-01
6.1995e-01 7.4364e-01 8.1144e-01 8.7138e-01 8.8417e-01 8.8062e-01 8.6164e-01 8.3633e-01 7.3788e-01 6.1035e-01
6.2353e-01 7.6337e-01 8.3623e-01 8.9138e-01 9.0888e-01 9.1490e-01 8.8324e-01 8.3637e-01 7.7096e-01 6.1526e-01
6.2223e-01 7.8631e-01 8.3844e-01 8.8678e-01 8.9183e-01 9.0452e-01 8.8006e-01 8.3881e-01 7.6589e-01 6.1853e-01
6.1730e-01 7.5174e-01 8.2942e-01 8.7924e-01 8.8886e-01 8.7700e-01 8.6598e-01 8.1851e-01 7.3656e-01 5.9329e-01
5.7399e-01 7.0504e-01 7.8884e-01 8.4085e-01 8.4730e-01 8.3924e-01 8.2495e-01 7.7507e-01 7.0588e-01 5.6981e-01
5.2371e-01 6.3767e-01 7.0805e-01 7.4809e-01 7.7427e-01 7.7752e-01 7.4099e-01 7.0206e-01 6.4542e-01 5.3144e-01
4.2549e-01 5.1239e-01 5.7457e-01 6.0517e-01 6.3142e-01 6.2832e-01 6.1242e-01 5.6988e-01 5.2057e-01 4.3838e-01
Time Step 21
4.4624e-01 5.2173e-01 5.7856e-01 6.0554e-01 6.2899e-01 6.1174e-01 6.0881e-01 5.6757e-01 5.2910e-01 4.4372e-01
5.2317e-01 6.3189e-01 7.0453e-01 7.4222e-01 7.6571e-01 7.6635e-01 7.3610e-01 7.0365e-01 6.4206e-01 5.2764e-01
5.6496e-01 7.0123e-01 7.7751e-01 8.1724e-01 8.3711e-01 8.4363e-01 8.2130e-01 7.8841e-01 7.1071e-01 5.7087e-01
6.0402e-01 7.4940e-01 8.2078e-01 8.6761e-01 8.7952e-01 8.7654e-01 8.6710e-01 8.1238e-01 7.2696e-01 6.0464e-01
6.2170e-01 7.5959e-01 8.2495e-01 8.8067e-01 9.0588e-01 9.0604e-01 8.9552e-01 8.3747e-01 7.5107e-01 6.1991e-01
6.3390e-01 7.5969e-01 8.2980e-01 8.8847e-01 9.0630e-01 9.0688e-01 8.8667e-01 8.3906e-01 7.5845e-01 6.1069e-01
6.1779e-01 7.4876e-01 8.2140e-01 8.6793e-01 8.9270e-01 8.8782e-01 8.7176e-01 8.2872e-01 7.3720e-01 6.0477e-01
5.7565e-01 7.0027e-01 7.8364e-01 8.1117e-01 8.3594e-01 8.4351e-01 8.1983e-01 7.8316e-01 7.0537e-01 5.7183e-01
5.3148e-01 6.4584e-01 6.9935e-01 7.3754e-01 7.7166e-01 7.6147e-01 7.3920e-01 7.0040e-01 6.3196e-01 5.2688e-01
4.3445e-01 5.3100e-01 5.8485e-01 6.0630e-01 6.2476e-01 6.2730e-01 6.0543e-01 5.8581e-01 5.3194e-01 4.4285e-01
Time Step 22
4.3569e-01 5.2457e-01 5.7009e-01 6.0122e-01 6.2309e-01 6.1761e-01 6.1068e-01 5.7158e-01 5.2844e-01 4.4580e-01
5.3262e-01 6.4079e-01 7.0745e-01 7.4464e-01 7.5146e-01 7.6547e-01 7.3060e-01 7.0640e-01 6.4189e-01 5.2401e-01
5.7525e-01 7.0818e-01 7.7299e-01 8.3319e-01 8.4377e-01 8.4315e-01 8.1875e-01 7.7874e-01 7.0667e-01 5.8266e-01
6.0118e-01 7.4227e-01 8.2258e-01 8.7654e-01 8.8989e-01 8.9526e-01 8.7017e-01 8.2588e-01 7.5585e-01 6.0499e-01
6.3376e-01 7.6129e-01 8.3772e-01 8.9279e-01 9.1612e-01 9.1875e-01 8.8753e-01 8.3188e-01 7.5398e-01 6.1694e-01
6.2815e-01 7.5578e-01 8.4818e-01 8.9360e-01 9.1866e-01 9.2456e-01 8.8628e-01 8.3139e-01 7.5578e-01 6.2377e-01
6.0286e-01 7.3393e-01 8.1875e-01 8.7284e-01 8.9249e-01 8.9469e-01 8.5600e-01 8.1284e-01 7.4315e-01 5.9703e-01
5.6625e-01 6.9615e-01 7.8634e-01 8.3035e-01 8.3821e-01 8.4845e-01 8.0538e-01 7.5305e-01 6.9751e-01 5.7056e-01
5.2836e-01 6.4287e-01 7.0113e-01 7.5386e-01 7.7173e-01 7.6041e-01 7.3553e-01 6.9790e-01 6.3347e-01 5.1666e-01
4.3874e-01 5.3140e-01 5.8329e-01 6.2388e-01 6.2487e-01 6.1868e-01 6.0982e-01 5.6366e-01 5.2634e-01 4.3772e-01
Time Step 23
4.4376e-01 5.3726e-01 5.8242e-01 5.9941e-01 6.2370e-01 6.1751e-01 5.9812e-01 5.7272e-01 5.2052e-01 4.4009e-01
5.2193e-01 6.4338e-01 7.0487e-01 7.5030e-01 7.6462e-01 7.5760e-01 7.5064e-01 7.0339e-01 6.4705e-01 5.2912e-01
5.8715e-01 7.1581e-01 7.8494e-01 8.2836e-01 8.5244e-01 8.4646e-01 8.2383e-01 7.7437e-01 7.0683e-01 5.8133e-01
6.0682e-01 7.3671e-01 8.2294e-01 8.8121e-01 8.9581e-01 9.0132e-01 8.7580e-01 8.1780e-01 7.4653e-01 5.9854e-01
6.1604e-01 7.5878e-01 8.5412e-01 8.9801e-01 9.1413e-01 9.2279e-01 8.9479e-01 8.1453e-01 7.4382e-01 6.1508e-01
6.2084e-01 7.5051e-01 8.5020e-01 8.9189e-01 9.0428e-01 9.2344e-01 8.8178e-01 8.3777e-01 7.5315e-01 6.1850e-01
6.0602e-01 7.3614e-01 8.0186e-01 8.6308e-01 8.7297e-01 8.8608e-01 8.5718e-01 8.2289e-01 7.4498e-01 6.1006e-01
5.8562e-01 7.0226e-01 7.6970e-01 8.3135e-01 8.4107e-01 8.4067e-01 8.1690e-01 7.5518e-01 7.0964e-01 5.7929e-01
5.2778e-01 6.2980e-01 7.1103e-01 7.5569e-01 7.6354e-01 7.5526e-01 7.4080e-01 7.0545e-01 6.5518e-01 5.3190e-01
4.3064e-01 5.1474e-01 5.8121e-01 6.0829e-01 6.1948e-01 6.1939e-01 6.0036e-01 5.8421e-01 5.2648e-01 4.4424e-01
Time Step 24
4.3640e-01 5.2786e-01 5.7636e-01 6.0897e-01 6.1708e-01 6.1136e-01 6.0584e-01 5.7190e-01 5.2717e-01 4.3973e-01
5.2927e-01 6.3065e-01 6.9723e-01 7.2752e-01 7.5146e-01 7.5242e-01 7.3999e-01 7.1336e-01 6.3862e-01 5.2573e-01
5.6564e-01 7.0241e-01 7.7690e-01 8.1419e-01 8.4168e-01 8.5465e-01 8.3723e-01 7.8784e-01 7.0595e-01 5.7380e-01
5.9820e-01 7.3076e-01 8.2521e-01 8.7731e-01 8.9042e-01 8.9282e-01 8.8759e-01 8.2397e-01 7.4873e-01 6.0614e-01
6.0907e-01 7.5412e-01 8.5065e-01 8.9450e-01 9.1872e-01 9.1286e-01 9.0059e-01 8.4639e-01 7.5477e-01 6.2795e-01
6.1777e-01 7.5733e-01 8.4495e-01 8.9578e-01 9.2346e-01 9.1879e-01 8.9246e-01 8.4731e-01 7.6199e-01 6.2743e-01
6.0634e-01 7.4490e-01 8.2393e-01 8.6780e-01 8.9569e-01 8.8571e-01 8.7004e-01 8.2592e-01 7.3308e-01 6.0428e-01
5.8393e-01 7.0568e-01 7.8352e-01 8.2999e-01 8.4884e-01 8.3790e-01 8.2599e-01 7.7880e-01 7.0460e-01 5.7083e-01
5.1851e-01 6.3342e-01 7.0326e-01 7.4301e-01 7.7186e-01 7.6608e-01 7.6036e-01 7.0296e-01 6.3755e-01 5.1992e-01
4.3441e-01 5.1758e-01 5.7246e-01 6.1201e-01 6.3312e-01 6.2882e-01 6.0184e-01 5.8658e-01 5.2871e-01 4.3304e-01
Time Step 25
4.2903e-01 5.1496e-01 5.7202e-01 6.1174e-01 6.0391e-01 6.2146e-01 6.1335e-01 5.8562e-01 5.3270e-01 4.2948e-01
5.3496e-01 6.3409e-01 7.1082e-01 7.3681e-01 7.6472e-01 7.4978e-01 7.4085e-01 7.1044e-01 6.3246e-01 5.2155e-01
5.6527e-01 7.1404e-01 7.9229e-01 8.2452e-01 8.4573e-01 8.4187e-01 8.2326e-01 7.7861e-01 7.0834e-01 5.6833e-01
6.0268e-01 7.3766e-01 8.2863e-01 8.7700e-01 8.9751e-01 8.9618e-01 8.8928e-01 8.3936e-01 7.3961e-01 5.9663e-01
6.2074e-01 7.5600e-01 8.4554e-01 9.0358e-01 9.2389e-01 9.2582e-01 8.9380e-01 8.5123e-01 7.7086e-01 6.2583e-01
6.1859e-01 7.5757e-01 8.4615e-01 8.9426e-01 9.0488e-01 9.2498e-01 8.8822e-01 8.5280e-01 7.7047e-01 6.1763e-01
6.1007e-01 7.4204e-01 8.2796e-01 8.6253e-01 8.9424e-01 9.0119e-01 8.6403e-01 8.2606e-01 7.4459e-01 6.0464e-01
5.8103e-01 7.1862e-01 7.9523e-01 8.2452e-01 8.4301e-01 8.5259e-01 8.2233e-01 7.9068e-01 6.9981e-01 5.6983e-01
5.1979e-01 6.4340e-01 7.1121e-01 7.5025e-01 7.5814e-01 7.5545e-01 7.4823e-01 7.1685e-01 6.4815e-01 5.2817e-01
4.4367e-01 5.2751e-01 5.8452e-01 6.1284e-01 6.2171e-01 6.1767e-01 6.0733e-01 5.8082e-01 5.3042e-01 4.4168e-01
Time Step 26
4.3712e-01 5.3105e-01 5.8413e-01 6.0777e-01 6.2228e-01 6.2875e-01 6.0791e-01 5.8719e-01 5.4044e-01 4.4052e-01
5.3347e-01 6.4276e-01 7.1571e-01 7.4605e-01 7.5695e-01 7.6078e-01 7.5141e-01 7.1616e-01 6.5363e-01 5.3309e-01
5.8322e-01 7.1296e-01 7.8368e-01 8.2442e-01 8.4866e-01 8.4724e-01 8.3712e-01 7.8932e-01 7.1285e-01 5.7216e-01
6.1210e-01 7.4822e-01 8.3884e-01 8.8739e-01 9.0235e-01 8.8696e-01 8.7656e-01 8.2977e-01 7.4721e-01 6.0917e-01
6.3144e-01 7.6668e-01 8.4612e-01 8.9040e-01 9.1698e-01 9.1944e-01 8.9085e-01 8.4194e-01 7.5378e-01 6.1976e-01
6.2107e-01 7.5217e-01 8.2297e-01 8.8408e-01 9.0086e-01 9.2199e-01 8.7777e-01 8.4182e-01 7.5949e-01 6.0674e-01
6.0709e-01 7.3374e-01 8.2077e-01 8.6690e-01 8.8539e-01 8.8522e-01 8.7997e-01 8.3517e-01 7.4371e-01 6.1102e-01
5.8323e-01 7.0212e-01 7.7323e-01 8.2344e-01 8.4679e-01 8.4892e-01 8.3657e-01 7.8719e-01 6.9120e-01 5.7633e-01
5.2058e-01 6.3801e-01 7.0992e-01 7.4521e-01 7.5834e-01 7.6647e-01 7.4809e-01 7.0399e-01 6.2794e-01 5.3236e-01
4.3567e-01 5.2737e-01 5.8338e-01 6.1477e-01 6.1675e-01 6.1468e-01 6.0786e-01 5.7745e-01 5.2740e-01 4.3924e-01
Time Step 27
4.3443e-01 5.1738e-01 5.7707e-01 6.0685e-01 6.2868e-01 6.1215e-01 6.1538e-01 5.7666e-01 5.2760e-01 4.4328e-01
5.3055e-01 6.4312e-01 6.9680e-01 7.3926e-01 7.5620e-01 7.5922e-01 7.5466e-01 7.1757e-01 6.5816e-01 5.2663e-01
5.7270e-01 7.0588e-01 7.6569e-01 8.1707e-01 8.3735e-01 8.4932e-01 8.2952e-01 8.0352e-01 7.1828e-01 5.8057e-01
6.0917e-01 7.4313e-01 8.3268e-01 8.8559e-01 8.9594e-01 8.9612e-01 8.8981e-01 8.4624e-01 7.3768e-01 6.0557e-01
6.2165e-01 7.5048e-01 8.3378e-01 8.8296e-01 9.1818e-01 9.2235e-01 8.9670e-01 8.5610e-01 7.6447e-01 6.2478e-01
6.2521e-01 7.4987e-01 8.4238e-01 8.9282e-01 9.0455e-01 9.1181e-01 8.9940e-01 8.4764e-01 7.6572e-01 6.2306e-01
5.9951e-01 7.4425e-01 8.3130e-01 8.8355e-01 8.8534e-01 8.8559e-01 8.7458e-01 8.2294e-01 7.2951e-01 6.1732e-01
5.6655e-01 7.0285e-01 7.7740e-01 8.2126e-01 8.3310e-01 8.4401e-01 8.3420e-01 7.8659e-01 7.1236e-01 5.8013e-01
5.1464e-01 6.5290e-01 6.9796e-01 7.3728e-01 7.5790e-01 7.5861e-01 7.4720e-01 7.0566e-01 6.4490e-01 5.1476e-01
4.3567e-01 5.3390e-01 5.7654e-01 6.0396e-01 6.1863e-01 6.1376e-01 6.0119e-01 5.7132e-01 5.3436e-01 4.3475e-01
Time Step 28
4.3154e-01 5.2893e-01 5.9353e-01 6.1429e-01 6.2386e-01 6.2727e-01 6.0548e-01 5.8088e-01 5.2035e-01 4.4696e-01
5.2916e-01 6.3542e-01 7.0551e-01 7.4174e-01 7.6266e-01 7.6175e-01 7.5247e-01 7.1475e-01 6.4455e-01 5.3253e-01
5.8554e-01 7.0801e-01 7.8557e-01 8.3256e-01 8.5111e-01 8.3141e-01 8.1633e-01 7.7706e-01 7.1648e-01 5.7917e-01
6.1217e-01 7.4426e-01 8.2509e-01 8.8813e-01 8.9855e-01 8.9159e-01 8.5769e-01 8.2295e-01 7.3976e-01 6.0887e-01
6.1900e-01 7.5383e-01 8.4977e-01 8.9716e-01 9.2123e-01 9.1946e-01 8.7354e-01 8.4693e-01 7.5537e-01 6.3069e-01
6.2126e-01 7.5891e-01 8.2942e-01 8.9374e-01 9.2346e-01 9.1269e-01 8.8038e-01 8.4280e-01 7.5692e-01 6.0298e-01
6.0546e-01 7.4098e-01 8.2553e-01 8.7226e-01 8.7790e-01 8.8805e-01 8.7999e-01 8.1846e-01 7.3617e-01 6.0744e-01
5.7936e-01 7.1610e-01 7.7118e-01 8.1376e-01 8.4022e-01 8.5355e-01 8.2718e-01 7.7818e-01 7.0131e-01 5.6745e-01
5.3467e-01 6.4090e-01 7.0516e-01 7.3673e-01 7.5561e-01 7.6215e-01 7.4130e-01 7.0966e-01 6.4660e-01 5.1714e-01
4.3868e-01 5.2216e-01 5.6644e-01 6.0368e-01 6.1821e-01 6.1949e-01 6.1275e-01 5.7877e-01 5.3317e-01 4.4227e-01
Time Step 29
4.3613e-01 5.2875e-01 5.8485e-01 6.0941e-01 6.2006e-01 6.2260e-01 5.9657e-01 5.7896e-01 5.2416e-01 4.3320e-01
5.2701e-01 6.5370e-01 7.1368e-01 7.3700e-01 7.6851e-01 7.5488e-01 7.3809e-01 6.9406e-01 6.4603e-01 5.2369e-01
5.8767e-01 7.1590e-01 7.8717e-01 8.2627e-01 8.5797e-01 8.4414e-01 8.2719e-01 7.7710e-01 7.0128e-01 5.7791e-01
6.0949e-01 7.4715e-01 8.2504e-01 8.7373e-01 8.8454e-01 8.8701e-01 8.7398e-01 8.2561e-01 7.3689e-01 6.1391e-01
6.1756e-01 7.5076e-01 8.5169e-01 8.9085e-01 9.2325e-01 9.3197e-01 8.9887e-01 8.3395e-01 7.5328e-01 6.2532e-01
6.1642e-01 7.6498e-01 8.5201e-01 8.9891e-01 9.1270e-01 9.1092e-01 9.0624e-01 8.4502e-01 7.5047e-01 6.3103e-01
6.0660e-01 7.3391e-01 8.2996e-01 8.6683e-01 8.9658e-01 8.9369e-01 8.6959e-01 8.1439e-01 7.3724e-01 6.2020e-01
5.7855e-01 6.9682e-01 7.8643e-01 8.3158e-01 8.3444e-01 8.4471e-01 8.2128e-01 7.7775e-01 7.0244e-01 5.8673e-01
5.1699e-01 6.5045e-01 6.9319e-01 7.4896e-01 7.5455e-01 7.4921e-01 7.3527e-01 6.8828e-01 6.3457e-01 5.2862e-01
4.4623e-01 5.2982e-01 5.7492e-01 5.9966e-01 6.1339e-01 6.1929e-01 5.9666e-01 5.7370e-01 5.2811e-01 4.4351e-01
Time Step 30
4.4351e-01 5.2813e-01 5.7940e-01 6.0011e-01 6.1995e-01 6.1485e-01 6.0287e-01 5.8378e-01 5.2754e-01 4.4314e-01
5.3156e-01 6.4091e-01 6.9928e-01 7.4162e-01 7.6440e-01 7.6598e-01 7.3922e-01 7.0417e-01 6.5424e-01 5.4655e-01
5.7800e-01 7.0258e-01 7.8865e-01 8.3024e-01 8.5534e-01 8.5045e-01 8.2515e-01 7.8935e-01 7.1169e-01 5.8983e-01
6.1213e-01 7.5217e-01 8.2927e-01 8.8537e-01 9.0521e-01 8.9891e-01 8.6336e-01 8.2617e-01 7.4720e-01 6.0237e-01
6.1459e-01 7.6236e-01 8.5236e-01 9.0094e-01 9.2138e-01 9.1570e-01 8.8846e-01 8.3786e-01 7.6234e-01 6.1320e-01
6.1574e-01 7.5753e-01 8.4188e-01 9.1071e-01 9.1358e-01 9.0630e-01 8.9585e-01 8.4139e-01 7.5787e-01 6.1995e-01
6.0551e-01 7.5162e-01 8.2927e-01 8.7451e-01 8.9036e-01 8.9673e-01 8.6470e-01 8.2934e-01 7.4989e-01 5.9985e-01
5.7290e-01 7.0654e-01 7.8211e-01 8.2371e-01 8.4380e-01 8.3554e-01 8.2337e-01 7.7204e-01 7.0967e-01 5.6887e-01
5.3340e-01 6.5154e-01 7.1442e-01 7.5306e-01 7.6716e-01 7.5350e-01 7.3919e-01 7.0843e-01 6.4479e-01 5.2675e-01
4.4197e-01 5.3308e-01 5.8725e-01 6.0282e-01 6.1631e-01 6.0981e-01 6.0092e-01 5.7166e-01 5.2483e-01 4.3677e-01
Time Step 31
4.5133e-01 5.3705e-01 5.8173e-01 6.1030e-01 6.2421e-01 6.2586e-01 6.1036e-01 5.7992e-01 5.2317e-01 4.4072e-01
5.2715e-01 6.5279e-01 6.9971e-01 7.4875e-01 7.7545e-01 7.6029e-01 7.4294e-01 6.8993e-01 6.3596e-01 5.2892e-01
5.7065e-01 7.0054e-01 7.7254e-01 8.1336e-01 8.4925e-01 8.4757e-01 8.3821e-01 7.8136e-01 6.9926e-01 5.8142e-01
6.1520e-01 7.5220e-01 8.3024e-01 8.7161e-01 8.9281e-01 9.0819e-01 8.8589e-01 8.1994e-01 7.5135e-01 6.0084e-01
6.2969e-01 7.7681e-01 8.4615e-01 8.8114e-01 9.2088e-01 9.2667e-01 9.0923e-01 8.4894e-01 7.5619e-01 6.3033e-01
6.2664e-01 7.6048e-01 8.2934e-01 8.9083e-01 9.1207e-01 9.0472e-01 8.9513e-01 8.5265e-01 7.6451e-01 6.2382e-01
6.0915e-01 7.4113e-01 8.1421e-01 8.8123e-01 8.8996e-01 8.8668e-01 8.6452e-01 8.1778e-01 7.4505e-01 6.2159e-01
5.8207e-01 7.0870e-01 7.7595e-01 8.2501e-01 8.3147e-01 8.3925e-01 8.2278e-01 7.6229e-01 6.9618e-01 5.7475e-01
5.2616e-01 6.3732e-01 6.9226e-01 7.4153e-01 7.4857e-01 7.5395e-01 7.3880e-01 6.9173e-01 6.3613e-01 5.2753e-01
4.3290e-01 5.2611e-01 5.7731e-01 6.1110e-01 6.3232e-01 6.3069e-01 6.0557e-01 5.7463e-01 5.2273e-01 4.3456e-01
Time Step 32
4.3815e-01 5.2741e-01 5.7904e-01 6.0346e-01 6.2420e-01 6.3183e-01 5.9998e-01 5.7443e-01 5.3569e-01 4.4202e-01
5.2601e-01 6.3330e-01 7.1169e-01 7.5459e-01 7.5100e-01 7.5287e-01 7.3771e-01 7.1746e-01 6.3985e-01 5.2633e-01
5.6916e-01 7.0848e-01 7.9127e-01 8.2412e-01 8.3888e-01 8.4801e-01 8.4182e-01 7.9774e-01 7.0495e-01 5.7484e-01
6.0434e-01 7.4776e-01 8.3183e-01 8.7008e-01 8.8231e-01 8.9421e-01 8.7940e-01 8.2544e-01 7.5274e-01 6.1369e-01
6.2330e-01 7.6743e-01 8.2978e-01 8.9160e-01 9.0728e-01 9.2282e-01 8.8664e-01 8.5332e-01 7.7105e-01 6.2386e-01
6.1776e-01 7.5036e-01 8.2706e-01 8.8546e-01 8.9998e-01 9.0706e-01 8.9133e-01 8.4312e-01 7.7776e-01 6.2446e-01
6.0105e-01 7.2974e-01 8.1683e-01 8.7724e-01 8.9823e-01 8.9697e-01 8.6751e-01 8.2202e-01 7.4310e-01 6.1250e-01
5.7870e-01 6.9682e-01 7.8015e-01 8.2782e-01 8.4556e-01 8.5503e-01 8.1692e-01 7.7483e-01 7.1201e-01 5.7665e-01
5.1758e-01 6.4895e-01 7.0524e-01 7.5535e-01 7.4916e-01 7.5984e-01 7.2893e-01 7.1228e-01 6.3375e-01 5.2036e-01
4.3638e-01 5.3427e-01 5.7628e-01 6.0970e-01 6.1719e-01 6.2693e-01 6.0535e-01 5.8406e-01 5.3339e-01 4.3167e-01
Time Step 33
4.4378e-01 5.2500e-01 5.8149e-01 6.0389e-01 6.1227e-01 6.2060e-01 6.1640e-01 5.8178e-01 5.2644e-01 4.4332e-01
5.2662e-01 6.4636e-01 7.0181e-01 7.3673e-01 7.6028e-01 7.6371e-01 7.4995e-01 7.1845e-01 6.5071e-01 5.3622e-01
5.6734e-01 7.0946e-01 7.8570e-01 8.1637e-01 8.4081e-01 8.4619e-01 8.3608e-01 7.8005e-01 7.0770e-01 5.8067e-01
6.0950e-01 7.4241e-01 8.1983e-01 8.6366e-01 8.8436e-01 8.8708e-01 8.7258e-01 8.1358e-01 7.5485e-01 6.0400e-01
6.2615e-01 7.7483e-01 8.3433e-01 8.8029e-01 9.0223e-01 9.0689e-01 8.8857e-01 8.3309e-01 7.5292e-01 6.1576e-01
6.1427e-01 7.6076e-01 8.2975e-01 8.7985e-01 9.1657e-01 9.0390e-01 8.8402e-01 8.4433e-01 7.7001e-01 6.1229e-01
6.0687e-01 7.3521e-01 8.1118e-01 8.5031e-01 8.8529e-01 8.9908e-01 8.6658e-01 8.2083e-01 7.4284e-01 6.0502e-01
5.8701e-01 7.0381e-01 7.7927e-01 8.2179e-01 8.3039e-01 8.3911e-01 8.1611e-01 7.7081e-01 6.9103e-01 5.7516e-01
5.3767e-01 6.4653e-01 7.0293e-01 7.3761e-01 7.7315e-01 7.6828e-01 7.4412e-01 7.0935e-01 6.4255e-01 5.2200e-01
4.4067e-01 5.1978e-01 5.7719e-01 6.0387e-01 6.2708e-01 6.2569e-01 6.0393e-01 5.8841e-01 5.3162e-01 4.4760e-01
Time Step 34
4.3814e-01 5.2358e-01 5.7306e-01 5.9875e-01 6.1750e-01 6.2486e-01 5.9706e-01 5.8347e-01 5.4022e-01 4.4639e-01
5.2115e-01 6.2186e-01 7.0129e-01 7.3879e-01 7.6993e-01 7.6563e-01 7.4224e-01 7.1851e-01 6.4495e-01 5.3870e-01
5.8074e-01 6.9160e-01 7.7764e-01 8.2235e-01 8.5120e-01 8.4120e-01 8.2394e-01 7.9720e-01 7.1428e-01 5.7935e-01
5.9814e-01 7.3809e-01 8.1853e-01 8.7055e-01 8.9378e-01 8.8939e-01 8.6960e-01 8.2286e-01 7.3988e-01 6.0033e-01
6.2495e-01 7.5752e-01 8.3655e-01 8.9356e-01 9.2129e-01 9.1532e-01 8.8403e-01 8.2996e-01 7.4705e-01 6.1532e-01
6.0763e-01 7.7168e-01 8.3819e-01 8.9627e-01 9.1729e-01 9.2117e-01 8.8303e-01 8.3673e-01 7.5683e-01 6.2841e-01
6.0800e-01 7.4083e-01 8.1852e-01 8.6429e-01 8.9659e-01 8.8708e-01 8.6019e-01 8.2632e-01 7.4247e-01 5.9706e-01
5.8011e-01 7.0291e-01 7.7234e-01 8.2353e-01 8.3458e-01 8.4745e-01 8.0746e-01 7.8109e-01 7.0495e-01 5.7750e-01
5.2353e-01 6.3716e-01 7.0625e-01 7.4123e-01 7.5361e-01 7.4891e-01 7.3836e-01 7.0543e-01 6.3940e-01 5.2726e-01
4.4273e-01 5.2098e-01 5.7977e-01 6.0452e-01 6.1145e-01 6.1325e-01 6.0339e-01 5.6589e-01 5.1924e-01 4.3683e-01
Time Step 35
4.3533e-01 5.1894e-01 5.7431e-01 5.9500e-01 6.1969e-01 6.2575e-01 6.0311e-01 5.8301e-01 5.3215e-01 4.4147e-01
5.2213e-01 6.3551e-01 6.9761e-01 7.4577e-01 7.5142e-01 7.6372e-01 7.4947e-01 7.1159e-01 6.4714e-01 5.2876e-01
5.7823e-01 7.0552e-01 7.7430e-01 8.2434e-01 8.2202e-01 8.3832e-01 8.2657e-01 7.8962e-01 7.1024e-01 5.7666e-01
6.1192e-01 7.3978e-01 8.1953e-01 8.5485e-01 9.0189e-01 8.7481e-01 8.7085e-01 8.2203e-01 7.5078e-01 6.1332e-01
6.1795e-01 7.7181e-01 8.3441e-01 8.8750e-01 9.1571e-01 9.2178e-01 8.9728e-01 8.3913e-01 7.6393e-01 6.3396e-01
6.1697e-01 7.5902e-01 8.3568e-01 8.8388e-01 8.9856e-01 9.1409e-01 9.0263e-01 8.5818e-01 7.6951e-01 6.3109e-01
6.1667e-01 7.4478e-01 8.2322e-01 8.5596e-01 8.9605e-01 8.9897e-01 8.7036e-01 8.2016e-01 7.4191e-01 6.0898e-01
5.7521e-01 7.0617e-01 7.8202e-01 8.2838e-01 8.5002e-01 8.5446e-01 8.3311e-01 7.8245e-01 7.0962e-01 5.7959e-01
5.3568e-01 6.3166e-01 7.1468e-01 7.4033e-01 7.5851e-01 7.6407e-01 7.4411e-01 7.1290e-01 6.3260e-01 5.2985e-01
4.3710e-01 5.1861e-01 5.7830e-01 5.9222e-01 6.1227e-01 5.9899e-01 5.9725e-01 5.6875e-01 5.3450e-01 4.4349e-01
Time Step 36
4.4542e-01 5.3162e-01 5.7259e-01 6.0970e-01 6.2296e-01 6.1334e-01 6.0772e-01 5.7722e-01 5.2918e-01 4.3859e-01
5.3613e-01 6.5602e-01 6.9527e-01 7.5287e-01 7.6448e-01 7.5768e-01 7.3836e-01 7.1083e-01 6.3676e-01 5.3322e-01
5.8060e-01 6.9879e-01 7.6596e-01 8.2377e-01 8.2928e-01 8.4104e-01 8.2431e-01 7.7979e-01 7.0020e-01 5.7576e-01
6.0481e-01 7.4527e-01 8.1250e-01 8.4887e-01 8.7939e-01 9.0162e-01 8.7681e-01 8.2857e-01 7.5274e-01 6.2125e-01
6.1404e-01 7.5166e-01 8.3821e-01 8.8908e-01 9.2125e-01 9.1289e-01 8.9194e-01 8.5020e-01 7.6821e-01 6.2764e-01
6.2162e-01 7.4463e-01 8.2153e-01 8.9045e-01 9.1998e-01 9.2068e-01 8.9371e-01 8.5998e-01 7.6070e-01 6.2446e-01
5.9872e-01 7.3863e-01 8.1257e-01 8.6749e-01 8.9413e-01 9.0543e-01 8.7002e-01 8.3431e-01 7.5906e-01 6.0163e-01
5.8756e-01 7.0559e-01 7.8174e-01 8.1847e-01 8.5066e-01 8.4795e-01 8.2654e-01 7.8303e-01 7.1667e-01 5.7861e-01
5.3495e-01 6.3390e-01 7.2014e-01 7.4091e-01 7.6750e-01 7.4920e-01 7.3922e-01 7.0783e-01 6.4552e-01 5.4185e-01
4.2873e-01 5.1576e-01 5.8011e-01 6.0935e-01 6.2210e-01 6.3167e-01 6.0668e-01 5.7257e-01 5.2209e-01 4.4321e-01
Time Step 37
4.4593e-01 5.2544e-01 5.7059e-01 6.0554e-01 6.1759e-01 6.2456e-01 6.0289e-01 5.7873e-01 5.3178e-01 4.4761e-01
5.3121e-01 6.4419e-01 7.0333e-01 7.4957e-01 7.6353e-01 7.7703e-01 7.5235e-01 7.1026e-01 6.3621e-01 5.3295e-01
5.6897e-01 7.0780e-01 7.7613e-01 8.1697e-01 8.3665e-01 8.4400e-01 8.2548e-01 7.7707e-01 7.0374e-01 5.7405e-01
6.0017e-01 7.3868e-01 8.1490e-01 8.7244e-01 8.9089e-01 8.8795e-01 8.5780e-01 8.1637e-01 7.5606e-01 6.1286e-01
6.1927e-01 7.6694e-01 8.2481e-01 8.8581e-01 9.1107e-01 9.1089e-01 8.8547e-01 8.3850e-01 7.5981e-01 6.1887e-01
6.0411e-01 7.6363e-01 8.2465e-01 8.9318e-01 9.1519e-01 9.1837e-01 8.8025e-01 8.5119e-01 7.5778e-01 6.2842e-01
5.9794e-01 7.5174e-01 8.2071e-01 8.6245e-01 8.8490e-01 8.9645e-01 8.6265e-01 8.3225e-01 7.4772e-01 6.1496e-01
5.7007e-01 7.0770e-01 7.7673e-01 8.0763e-01 8.3177e-01 8.4246e-01 8.3059e-01 7.8549e-01 7.0743e-01 5.8252e-01
5.2643e-01 6.4505e-01 7.0263e-01 7.3899e-01 7.5974e-01 7.4869e-01 7.5308e-01 7.0953e-01 6.5057e-01 5.3172e-01
4.3887e-01 5.2597e-01 5.8051e-01 6.0504e-01 6.1287e-01 6.2024e-01 6.1073e-01 5.8408e-01 5.3238e-01 4.3043e-01
Time Step 38
4.4721e-01 5.4115e-01 5.8791e-01 6.1123e-01 6.1532e-01 6.1472e-01 6.0303e-01 5.8164e-01 5.2381e-01 4.3836e-01
5.3108e-01 6.4323e-01 7.0588e-01 7.4239e-01 7.6233e-01 7.6368e-01 7.4394e-01 7.0537e-01 6.3819e-01 5.2945e-01
5.6960e-01 7.0430e-01 7.6683e-01 8.2296e-01 8.3771e-01 8.4662e-01 8.0764e-01 7.8122e-01 7.0642e-01 5.8106e-01
6.0181e-01 7.3151e-01 8.1196e-01 8.6321e-01 8.8510e-01 8.7901e-01 8.6641e-01 8.0691e-01 7.5877e-01 6.1393e-01
6.1853e-01 7.5087e-01 8.4581e-01 8.9418e-01 9.1162e-01 9.1509e-01 8.8787e-01 8.4675e-01 7.6235e-01 6.1701e-01
6.2758e-01 7.6034e-01 8.3601e-01 8.8794e-01 9.0871e-01 9.1751e-01 8.9503e-01 8.3967e-01 7.6869e-01 6.1875e-01
6.1243e-01 7.4367e-01 8.1276e-01 8.5982e-01 8.8378e-01 9.0061e-01 8.7139e-01 8.2280e-01 7.5091e-01 6.0357e-01
5.8062e-01 7.1189e-01 7.8502e-01 8.2047e-01 8.5303e-01 8.4963e-01 8.2394e-01 7.8013e-01 7.1682e-01 5.7657e-01
5.3096e-01 6.4378e-01 7.0780e-01 7.4679e-01 7.5189e-01 7.6280e-01 7.4258e-01 7.0455e-01 6.2935e-01 5.2607e-01
4.4153e-01 5.3879e-01 5.8422e-01 6.0486e-01 6.1569e-01 6.2420e-01 6.0836e-01 5.8370e-01 5.2048e-01 4.3598e-01
Time Step 39
4.4103e-01 5.2960e-01 5.7570e-01 6.0452e-01 6.1937e-01 6.1858e-01 6.1057e-01 5.7932e-01 5.2261e-01 4.3642e-01
5.2623e-01 6.4256e-01 6.9900e-01 7.5028e-01 7.6034e-01 7.5410e-01 7.3507e-01 7.0498e-01 6.3959e-01 5.3858e-01
5.7449e-01 7.1404e-01 7.7520e-01 8.1816e-01 8.5012e-01 8.4181e-01 8.2217e-01 7.8918e-01 7.1456e-01 5.8172e-01
6.1934e-01 7.4717e-01 8.1650e-01 8.7375e-01 9.1326e-01 8.8709e-01 8.6608e-01 8.3740e-01 7.4739e-01 6.0575e-01
6.2364e-01 7.6726e-01 8.6139e-01 9.0073e-01 9.1226e-01 8.9701e-01 8.8235e-01 8.4100e-01 7.7090e-01 6.2297e-01
6.2080e-01 7.5795e-01 8.5301e-01 8.9061e-01 9.1322e-01 9.1027e-01 8.8699e-01 8.3913e-01 7.5896e-01 6.1996e-01
5.9950e-01 7.4259e-01 8.1701e-01 8.6162e-01 8.8255e-01 8.9026e-01 8.6825e-01 8.1325e-01 7.4877e-01 5.9873e-01
5.7247e-01 7.2529e-01 7.9286e-01 8.2220e-01 8.4282e-01 8.3061e-01 8.0975e-01 7.8081e-01 7.1166e-01 5.7418e-01
5.1787e-01 6.3759e-01 7.0443e-01 7.3680e-01 7.4827e-01 7.5004e-01 7.5044e-01 7.0583e-01 6.4480e-01 5.2493e-01
4.4029e-01 5.2321e-01 5.8115e-01 6.0312e-01 6.1856e-01 6.2201e-01 5.9657e-01 5.7462e-01 5.2948e-01 4.2608e-01
Time Step 40
4.4544e-01 5.3220e-01 5.7720e-01 6.1260e-01 6.3494e-01 6.2801e-01 6.1193e-01 5.7795e-01 5.1599e-01 4.3423e-01
5.2929e-01 6.5299e-01 7.0349e-01 7.4367e-01 7.5694e-01 7.6625e-01 7.5048e-01 7.1181e-01 6.3740e-01 5.2712e-01
5.8014e-01 7.0273e-01 7.6788e-01 8.2555e-01 8.4599e-01 8.3289e-01 8.1244e-01 7.7715e-01 7.0858e-01 5.8748e-01
5.8699e-01 7.3203e-01 8.1204e-01 8.5939e-01 8.8678e-01 8.9335e-01 8.6629e-01 8.0481e-01 7.3659e-01 6.0203e-01
6.2505e-01 7.6106e-01 8.3048e-01 8.9384e-01 9.1628e-01 9.1141e-01 8.9926e-01 8.3503e-01 7.5469e-01 6.2219e-01
6.2121e-01 7.5508e-01 8.3765e-01 8.9978e-01 9.1721e-01 9.0883e-01 8.9058e-01 8.4291e-01 7.5993e-01 6.1687e-01
6.0919e-01 7.5810e-01 8.1986e-01 8.6289e-01 8.9741e-01 8.9566e-01 8.7656e-01 8.3084e-01 7.4269e-01 6.1093e-01
5.8266e-01 7.1829e-01 7.7708e-01 8.1764e-01 8.5642e-01 8.4772e-01 8.1637e-01 7.8902e-01 7.1510e-01 5.8588e-01
5.4150e-01 6.5206e-01 7.1398e-01 7.4376e-01 7.5672e-01 7.5518e-01 7.4573e-01 7.0573e-01 6.5202e-01 5.3737e-01
4.3672e-01 5.1731e-01 5.6399e-01 6.0993e-01 6.2383e-01 6.1500e-01 6.0800e-01 5.7285e-01 5.2962e-01 4.3737e-01
Time Step 41
4.3682e-01 5.1844e-01 5.7299e-01 6.1907e-01 6.2072e-01 6.1798e-01 6.1371e-01 5.7496e-01 5.2707e-01 4.3461e-01
5.2354e-01 6.3236e-01 6.9461e-01 7.5477e-01 7.4944e-01 7.5510e-01 7.3932e-01 7.0458e-01 6.4226e-01 5.2212e-01
5.8094e-01 7.0648e-01 7.6909e-01 8.2106e-01 8.4560e-01 8.4722e-01 8.2146e-01 7.7351e-01 6.9828e-01 5.8125e-01
6.0578e-01 7.3170e-01 8.3309e-01 8.6736e-01 8.8480e-01 8.9117e-01 8.6641e-01 8.2097e-01 7.6024e-01 6.0857e-01
6.2355e-01 7.5916e-01 8.3935e-01 8.8730e-01 9.0680e-01 9.0805e-01 9.0100e-01 8.5310e-01 7.7151e-01 6.2825e-01
6.2754e-01 7.7082e-01 8.5242e-01 8.9287e-01 9.0711e-01 9.0434e-01 8.9633e-01 8.3771e-01 7.6322e-01 6.2301e-01
6.2392e-01 7.4728e-01 8.2501e-01 8.7491e-01 8.8095e-01 8.9086e-01 8.5830e-01 8.2301e-01 7.4948e-01 6.1242e-01
5.7932e-01 7.0464e-01 7.6915e-01 8.1199e-01 8.4077e-01 8.4303e-01 8.2070e-01 7.8501e-01 7.0513e-01 5.7686e-01
5.2324e-01 6.4137e-01 7.1250e-01 7.4241e-01 7.6290e-01 7.6331e-01 7.5319e-01 7.0331e-01 6.3689e-01 5.3717e-01
4.4149e-01 5.3225e-01 5.8529e-01 6.1091e-01 6.3248e-01 6.2025e-01 6.1533e-01 5.5944e-01 5.2259e-01 4.4707e-01
Time Step 42
4.3211e-01 5.1894e-01 5.7453e-01 6.0982e-01 6.1571e-01 6.2190e-01 6.0324e-01 5.7973e-01 5.2233e-01 4.3725e-01
5.2200e-01 6.3529e-01 7.0015e-01 7.4432e-01 7.5479e-01 7.5575e-01 7.3238e-01 7.0543e-01 6.3809e-01 5.3084e-01
5.8119e-01 7.0360e-01 7.7837e-01 8.0570e-01 8.2981e-01 8.2891e-01 8.0703e-01 7.7546e-01 7.1196e-01 5.8361e-01
6.0043e-01 7.3976e-01 8.2818e-01 8.6391e-01 8.8673e-01 8.8834e-01 8.5665e-01 8.1712e-01 7.4851e-01 6.0915e-01
6.2485e-01 7.6603e-01 8.5138e-01 8.9089e-01 9.1241e-01 9.0604e-01 8.8744e-01 8.3969e-01 7.6901e-01 6.2309e-01
6.2328e-01 7.7353e-01 8.4731e-01 8.8317e-01 9.1185e-01 9.1745e-01 8.9634e-01 8.3430e-01 7.6661e-01 6.1722e-01
6.1024e-01 7.3765e-01 8.1349e-01 8.6904e-01 8.8283e-01 9.0820e-01 8.7461e-01 8.0978e-01 7.4706e-01 6.1598e-01
5.8123e-01 7.0350e-01 7.9154e-01 8.1795e-01 8.2964e-01 8.3987e-01 8.2431e-01 7.7922e-01 7.0863e-01 5.8301e-01
5.3108e-01 6.4826e-01 7.1054e-01 7.3771e-01 7.5593e-01 7.6171e-01 7.3772e-01 7.0881e-01 6.4403e-01 5.2966e-01
4.3949e-01 5.3555e-01 5.7089e-01 6.0195e-01 6.2560e-01 6.3918e-01 6.0779e-01 5.7432e-01 5.2991e-01 4.4116e-01
Time Step 43
4.3351e-01 5.2117e-01 5.8029e-01 6.0181e-01 6.1843e-01 6.3017e-01 6.0997e-01 5.6737e-01 5.3187e-01 4.3858e-01
5.2766e-01 6.3577e-01 7.0986e-01 7.2685e-01 7.4827e-01 7.5981e-01 7.3341e-01 6.9704e-01 6.4472e-01 5.2859e-01
5.6551e-01 6.9232e-01 7.8554e-01 8.1836e-01 8.3136e-01 8.2455e-01 8.2906e-01 7.7491e-01 7.0364e-01 5.8157e-01
5.9916e-01 7.3813e-01 8.2621e-01 8.6390e-01 8.7409e-01 8.9063e-01 8.6577e-01 8.1646e-01 7.4442e-01 6.0529e-01
6.1710e-01 7.5324e-01 8.5262e-01 8.9847e-01 9.0821e-01 9.0475e-01 8.8020e-01 8.5523e-01 7.5683e-01 6.2630e-01
6.1617e-01 7.5344e-01 8.4585e-01 8.9112e-01 9.0507e-01 8.9982e-01 8.8060e-01 8.4405e-01 7.6461e-01 6.2227e-01
6.0431e-01 7.4968e-01 8.2758e-01 8.7321e-01 8.8720e-01 8.8008e-01 8.6831e-01 8.2493e-01 7.5871e-01 6.1948e-01
5.7788e-01 7.0261e-01 7.8304e-01 8.3181e-01 8.2890e-01 8.3677e-01 8.1849e-01 7.8994e-01 7.2702e-01 5.8642e-01
5.3321e-01 6.3842e-01 7.0636e-01 7.5114e-01 7.5842e-01 7.6073e-01 7.3182e-01 7.0471e-01 6.4165e-01 5.3849e-01
4.4720e-01 5.3199e-01 5.7531e-01 6.1386e-01 6.1065e-01 6.1470e-01 6.0772e-01 5.8390e-01 5.3266e-01 4.4597e-01
Time Step 44
4.3319e-01 5.2783e-01 5.7185e-01 6.0536e-01 6.1572e-01 6.0970e-01 6.0129e-01 5.7389e-01 5.2253e-01 4.3543e-01
5.1671e-01 6.4580e-01 6.9402e-01 7.2630e-01 7.5443e-01 7.4353e-01 7.3853e-01 7.0761e-01 6.3923e-01 5.3034e-01
5.6634e-01 7.0826e-01 7.6068e-01 8.1784e-01 8.3029e-01 8.4996e-01 8.2580e-01 7.7145e-01 7.0787e-01 5.8303e-01
6.0472e-01 7.3540e-01 8.1519e-01 8.4751e-01 8.8338e-01 8.9157e-01 8.7617e-01 8.2382e-01 7.5941e-01 6.1869e-01
6.2688e-01 7.7032e-01 8.4835e-01 8.7274e-01 9.1184e-01 8.9111e-01 8.8358e-01 8.3770e-01 7.5659e-01 6.2278e-01
6.2188e-01 7.6791e-01 8.4350e-01 8.8878e-01 9.1207e-01 9.1831e-01 8.8073e-01 8.2506e-01 7.5889e-01 6.1840e-01
6.0855e-01 7.2979e-01 8.3529e-01 8.7069e-01 8.8416e-01 8.9010e-01 8.5239e-01 7.9730e-01 7.3363e-01 6.0133e-01
5.7416e-01 7.0496e-01 7.7957e-01 8.3593e-01 8.3550e-01 8.3664e-01 8.1056e-01 7.7645e-01 7.0869e-01 5.8471e-01
5.3638e-01 6.4626e-01 6.9900e-01 7.3955e-01 7.6608e-01 7.6056e-01 7.4027e-01 7.0960e-01 6.5033e-01 5.2580e-01
4.3644e-01 5.2864e-01 5.6860e-01 5.9300e-01 6.1026e-01 6.2747e-01 6.1558e-01 5.8407e-01 5.2681e-01 4.3961e-01
Time Step 45
4.3972e-01 5.2774e-01 5.8645e-01 6.0423e-01 6.2404e-01 6.1968e-01 6.1150e-01 5.6237e-01 5.2340e-01 4.5013e-01
5.3145e-01 6.4087e-01 7.0221e-01 7.4025e-01 7.5780e-01 7.5893e-01 7.4371e-01 7.0086e-01 6.3911e-01 5.3970e-01
5.8398e-01 6.9801e-01 7.6870e-01 8.1905e-01 8.3976e-01 8.3577e-01 8.2388e-01 7.7633e-01 7.0231e-01 5.9258e-01
6.0481e-01 7.3476e-01 8.1926e-01 8.6983e-01 8.9366e-01 8.8421e-01 8.6567e-01 8.1800e-01 7.4257e-01 6.0661e-01
6.2211e-01 7.5570e-01 8.3743e-01 9.0265e-01 9.1500e-01 9.1107e-01 8.8604e-01 8.3927e-01 7.5617e-01 6.1027e-01
6.2912e-01 7.5420e-01 8.4022e-01 8.7918e-01 9.1880e-01 9.2825e-01 8.8271e-01 8.3241e-01 7.6847e-01 6.1180e-01
6.0996e-01 7.4506e-01 8.1800e-01 8.6096e-01 8.9051e-01 9.0280e-01 8.7863e-01 8.3004e-01 7.5793e-01 6.0985e-01
5.7500e-01 7.0261e-01 7.8045e-01 8.1857e-01 8.5427e-01 8.3564e-01 8.2498e-01 7.7089e-01 6.9966e-01 5.9098e-01
5.2779e-01 6.4094e-01 6.9539e-01 7.5221e-01 7.5927e-01 7.6170e-01 7.3697e-01 7.0210e-01 6.3870e-01 5.3075e-01
4.3145e-01 5.1896e-01 5.6754e-01 6.0418e-01 6.2140e-01 6.1621e-01 6.0334e-01 5.7416e-01 5.2668e-01 4.3394e-01
Time Step 46
4.4330e-01 5.3531e-01 5.7068e-01 6.0182e-01 6.1872e-01 6.2328e-01 6.1169e-01 5.8230e-01 5.3774e-01 4.3306e-01
5.2270e-01 6.3714e-01 7.1353e-01 7.4345e-01 7.5908e-01 7.7233e-01 7.4615e-01 7.0686e-01 6.4475e-01 5.3280e-01
5.8720e-01 7.0971e-01 7.8959e-01 8.1161e-01 8.4398e-01 8.5076e-01 8.2185e-01 7.8584e-01 6.9520e-01 5.7283e-01
6.0724e-01 7.4823e-01 8.3310e-01 8.7323e-01 8.8197e-01 9.0069e-01 8.8615e-01 8.2694e-01 7.4311e-01 6.0655e-01
6.1437e-01 7.5803e-01 8.2953e-01 8.9134e-01 9.1240e-01 9.0793e-01 8.9009e-01 8.4691e-01 7.5932e-01 6.1115e-01
6.2735e-01 7.6317e-01 8.4822e-01 8.8469e-01 9.2000e-01 9.0281e-01 8.8628e-01 8.3597e-01 7.4100e-01 6.1447e-01
6.0548e-01 7.4965e-01 8.1894e-01 8.6856e-01 8.8292e-01 8.8453e-01 8.5267e-01 8.1552e-01 7.3928e-01 5.9636e-01
5.7556e-01 6.9669e-01 7.8976e-01 8.3493e-01 8.4709e-01 8.2075e-01 8.1263e-01 7.8377e-01 7.0391e-01 5.6477e-01
5.2557e-01 6.4109e-01 7.0808e-01 7.5313e-01 7.5529e-01 7.6563e-01 7.4040e-01 7.0873e-01 6.3768e-01 5.2297e-01
4.3132e-01 5.3035e-01 5.7884e-01 6.1713e-01 6.2198e-01 6.2158e-01 5.9824e-01 5.7571e-01 5.2319e-01 4.3050e-01
Time Step 47
4.4426e-01 5.2802e-01 5.7695e-01 6.0778e-01 6.4026e-01 6.4025e-01 6.1364e-01 5.8228e-01 5.3083e-01 4.3020e-01
5.3413e-01 6.5991e-01 7.1227e-01 7.5205e-01 7.7125e-01 7.6918e-01 7.3356e-01 7.0009e-01 6.3358e-01 5.3155e-01
5.7931e-01 7.0990e-01 7.7889e-01 8.2132e-01 8.3518e-01 8.5008e-01 8.2284e-01 7.8402e-01 7.1194e-01 5.7588e-01
6.0812e-01 7.4916e-01 8.0889e-01 8.7248e-01 8.9329e-01 8.9856e-01 8.7851e-01 8.3012e-01 7.5171e-01 6.0637e-01
6.2231e-01 7.6924e-01 8.5026e-01 8.9729e-01 9.1895e-01 9.0813e-01 9.0672e-01 8.5286e-01 7.6217e-01 6.2347e-01
6.2975e-01 7.5243e-01 8.4829e-01 8.9530e-01 9.1534e-01 9.0243e-01 8.9206e-01 8.3797e-01 7.5752e-01 6.0967e-01
6.0037e-01 7.3557e-01 8.1195e-01 8.6925e-01 8.8883e-01 9.0505e-01 8.6103e-01 8.2741e-01 7.4272e-01 6.0500e-01
5.7522e-01 7.0096e-01 7.8888e-01 8.2807e-01 8.2391e-01 8.3789e-01 8.2980e-01 7.7522e-01 7.0624e-01 5.8161e-01
5.2780e-01 6.5127e-01 7.0694e-01 7.4746e-01 7.4838e-01 7.4604e-01 7.3705e-01 6.9967e-01 6.3141e-01 5.2087e-01
4.3968e-01 5.2902e-01 5.8468e-01 6.0613e-01 6.2277e-01 6.1753e-01 6.0442e-01 5.7074e-01 5.2026e-01 4.2646e-01
Time Step 48
4.3001e-01 5.2160e-01 5.8043e-01 6.1277e-01 6.1265e-01 6.1855e-01 6.0156e-01 5.7520e-01 5.2374e-01 4.3266e-01
5.2426e-01 6.4104e-01 7.0695e-01 7.2961e-01 7.4956e-01 7.5524e-01 7.2464e-01 7.0422e-01 6.5595e-01 5.3208e-01
5.7954e-01 7.0409e-01 7.8565e-01 8.1662e-01 8.3624e-01 8.3442e-01 8.1754e-01 7.7745e-01 7.1851e-01 5.7446e-01
6.1041e-01 7.5017e-01 8.2436e-01 8.7824e-01 8.9459e-01 8.7948e-01 8.6718e-01 8.2723e-01 7.4063e-01 6.0360e-01
6.2799e-01 7.6095e-01 8.3471e-01 8.8515e-01 9.1387e-01 9.0288e-01 8.9970e-01 8.5115e-01 7.5959e-01 6.2789e-01
6.3483e-01 7.6488e-01 8.4198e-01 8.9371e-01 9.1833e-01 9.1292e-01 8.8882e-01 8.4463e-01 7.6032e-01 6.2320e-01
6.1189e-01 7.5187e-01 8.2950e-01 8.6093e-01 8.8735e-01 8.8081e-01 8.6310e-01 8.1410e-01 7.2885e-01 6.0516e-01
5.7135e-01 7.1153e-01 7.8692e-01 8.2694e-01 8.4456e-01 8.4144e-01 8.2591e-01 7.7122e-01 7.0352e-01 5.7379e-01
5.2958e-01 6.4294e-01 7.0989e-01 7.5546e-01 7.5633e-01 7.6284e-01 7.2910e-01 6.9324e-01 6.3759e-01 5.3819e-01
4.3866e-01 5.2083e-01 5.8224e-01 6.1414e-01 6.2821e-01 6.2715e-01 6.0832e-01 5.6976e-01 5.1892e-01 4.3121e-01
Time Step 49
4.3279e-01 5.3179e-01 5.7261e-01 6.0458e-01 6.2390e-01 6.1552e-01 6.0414e-01 5.6703e-01 5.2124e-01 4.3363e-01
5.2158e-01 6.4312e-01 7.0985e-01 7.4429e-01 7.4913e-01 7.5524e-01 7.4167e-01 6.8930e-01 6.3875e-01 5.2771e-01
5.6890e-01 7.0432e-01 7.8175e-01 8.2436e-01 8.4859e-01 8.5925e-01 8.2917e-01 7.8521e-01 7.0239e-01 5.9336e-01
5.9706e-01 7.4140e-01 8.3044e-01 8.6638e-01 8.8295e-01 9.0173e-01 8.8649e-01 8.2423e-01 7.3936e-01 6.1196e-01
6.1387e-01 7.6791e-01 8.5469e-01 8.9004e-01 9.0993e-01 9.2793e-01 8.9458e-01 8.4716e-01 7.6684e-01 6.2773e-01
6.2923e-01 7.6167e-01 8.4939e-01 8.7703e-01 9.0671e-01 9.1309e-01 8.9332e-01 8.3746e-01 7.6385e-01 6.2559e-01
6.2050e-01 7.4333e-01 8.3171e-01 8.6337e-01 8.9852e-01 8.8066e-01 8.6786e-01 8.2353e-01 7.5069e-01 6.1078e-01
5.9597e-01 7.1143e-01 7.8274e-01 8.2597e-01 8.3487e-01 8.2866e-01 8.1520e-01 7.8926e-01 7.1236e-01 5.7908e-01
5.3555e-01 6.4648e-01 6.9790e-01 7.3682e-01 7.5608e-01 7.5589e-01 7.3947e-01 7.0979e-01 6.4054e-01 5.2097e-01
4.3732e-01 5.2567e-01 5.7113e-01 6.0416e-01 6.2262e-01 6.1511e-01 6.0663e-01 5.7491e-01 5.2789e-01 4.3840e-01
Time Step 50
4.3693e-01 5.4289e-01 5.8340e-01 6.2385e-01 6.2155e-01 6.2180e-01 5.9302e-01 5.7668e-01 5.2632e-01 4.4012e-01
5.1820e-01 6.4390e-01 7.0930e-01 7.5074e-01 7.6004e-01 7.5439e-01 7.4310e-01 7.0204e-01 6.4661e-01 5.3292e-01
5.6605e-01 7.0489e-01 7.7116e-01 8.1674e-01 8.4561e-01 8.5455e-01 8.3314e-01 7.9192e-01 7.0554e-01 5.8403e-01
6.1024e-01 7.4259e-01 8.2062e-01 8.7087e-01 8.9086e-01 8.9863e-01 8.7358e-01 8.2874e-01 7.3657e-01 6.0804e-01
6.2225e-01 7.5851e-01 8.5009e-01 8.9010e-01 9.2348e-01 9.1054e-01 8.9761e-01 8.4594e-01 7.5732e-01 6.2771e-01
6.2597e-01 7.6979e-01 8.4943e-01 8.9909e-01 9.2110e-01 9.0830e-01 8.8587e-01 8.4318e-01 7.5454e-01 6.2357e-01
6.0496e-01 7.4520e-01 8.3270e-01 8.7449e-01 8.9055e-01 8.9232e-01 8.6052e-01 8.1373e-01 7.3720e-01 6.0500e-01
5.9061e-01 7.0471e-01 7.8305e-01 8.2260e-01 8.3436e-01 8.4296e-01 8.3562e-01 7.8277e-01 6.9484e-01 5.8211e-01
5.2847e-01 6.4139e-01 7.0087e-01 7.3242e-01 7.5935e-01 7.6328e-01 7.5413e-01 7.1069e-01 6.4664e-01 5.2509e-01
4.3666e-01 5.1894e-01 5.6931e-01 6.0387e-01 6.2077e-01 6.2700e-01 6.0973e-01 5.9230e-01 5.3015e-01 4.3819e-01
