Time Step 1
3.5886e-03 4.2233e-03 4.2239e-03 4.2864e-03 4.3226e-03 4.3689e-03 4.3857e-03 4.2935e-03 4.0958e-03 3.7156e-03
4.1361e-03 4.8084e-03 4.9295e-03 4.9500e-03 4.9967e-03 4.8441e-03 4.8550e-03 4.8850e-03 4.6102e-03 4.1076e-03
4.2256e-03 4.8784e-03 5.0103e-03 5.0920e-03 5.1038e-03 5.1332e-03 5.1495e-03 5.0138e-03 4.9508e-03 4.3838e-03
4.3011e-03 4.9478e-03 5.0331e-03 4.9982e-03 5.1593e-03 5.0253e-03 5.0853e-03 5.0379e-03 4.9540e-03 4.5252e-03
4.3519e-03 4.9436e-03 5.1541e-03 5.0716e-03 5.1474e-03 5.1201e-03 5.0867e-03 4.9795e-03 4.9325e-03 4.3176e-03
4.3651e-03 4.9668e-03 5.1767e-03 5.1920e-03 5.1491e-03 5.1172e-03 5.1253e-03 4.9704e-03 4.9944e-03 4.2672e-03
4.2422e-03 4.9741e-03 5.0684e-03 5.1328e-03 5.0949e-03 5.2655e-03 5.0810e-03 4.9917e-03 5.0292e-03 4.3213e-03
4.2307e-03 4.8826e-03 4.9823e-03 5.0706e-03 5.1008e-03 5.1810e-03 5.1069e-03 5.0748e-03 4.8289e-03 4.2068e-03
4.0431e-03 4.7337e-03 4.9849e-03 5.0437e-03 4.9996e-03 4.9511e-03 5.0335e-03 4.8274e-03 4.7782e-03 4.0791e-03
3.5941e-03 4.0445e-03 4.3481e-03 4.4766e-03 4.3542e-03 4.2498e-03 4.3555e-03 4.2855e-03 4.0492e-03 3.6197e-03
Time Step 2
4.6406e-03 5.4144e-03 5.7479e-03 5.8267e-03 5.8829e-03 5.8463e-03 5.8795e-03 5.6323e-03 5.4331e-03 4.6663e-03
5.4545e-03 6.1420e-03 6.5384e-03 6.6696e-03 6.7030e-03 6.7098e-03 6.5827e-03 6.5228e-03 6.2436e-03 5.2827e-03
5.6501e-03 6.4297e-03 6.9910e-03 7.0593e-03 7.1004e-03 7.0394e-03 6.9352e-03 6.7875e-03 6.5592e-03 5.7146e-03
5.8337e-03 6.5806e-03 7.0136e-03 7.0948e-03 7.2054e-03 7.1558e-03 7.0898e-03 7.0441e-03 6.6867e-03 5.9099e-03
5.8571e-03 6.7823e-03 7.0451e-03 7.2586e-03 7.3478e-03 7.3215e-03 7.1657e-03 7.0417e-03 6.6385e-03 5.9485e-03
5.9137e-03 6.8283e-03 7.0028e-03 7.2449e-03 7.2120e-03 7.1687e-03 7.1014e-03 7.0556e-03 6.7467e-03 5.8810e-03
5.9695e-03 6.6542e-03 6.9663e-03 7.1006e-03 7.1407e-03 7.2327e-03 7.1002e-03 6.9054e-03 6.6526e-03 5.8469e-03
5.6841e-03 6.4785e-03 6.8616e-03 7.0305e-03 7.1360e-03 7.1195e-03 6.9592e-03 6.5974e-03 6.6770e-03 5.6322e-03
5.4119e-03 6.1454e-03 6.5209e-03 6.7878e-03 6.7270e-03 6.6797e-03 6.5594e-03 6.5322e-03 6.1892e-03 5.4436e-03
4.7793e-03 5.4220e-03 5.7365e-03 5.8509e-03 5.8281e-03 5.8737e-03 5.7998e-03 5.7454e-03 5.4194e-03 4.7863e-03
Time Step 3
5.1192e-03 5.9076e-03 6.2150e-03 6.3490e-03 6.4124e-03 6.3968e-03 6.3737e-03 6.2263e-03 5.8168e-03 5.1605e-03
5.8203e-03 6.6620e-03 6.9177e-03 7.2376e-03 7.1956e-03 7.3098e-03 7.2377e-03 7.0385e-03 6.7351e-03 5.7897e-03
6.0924e-03 6.8352e-03 7.4380e-03 7.6560e-03 7.5577e-03 7.4678e-03 7.6478e-03 7.3117e-03 7.0469e-03 6.0964e-03
6.3274e-03 6.9440e-03 7.6578e-03 7.7759e-03 7.8030e-03 7.7063e-03 7.7517e-03 7.5096e-03 7.1585e-03 6.3755e-03
6.4016e-03 7.3073e-03 7.6024e-03 7.8004e-03 7.8264e-03 7.8625e-03 7.8510e-03 7.5469e-03 7.3462e-03 6.4607e-03
6.3803e-03 7.2663e-03 7.7086e-03 7.8490e-03 7.9377e-03 7.9808e-03 7.8529e-03 7.5159e-03 7.2970e-03 6.4284e-03
6.2338e-03 7.1647e-03 7.5585e-03 7.8222e-03 7.9206e-03 7.7849e-03 7.6498e-03 7.5251e-03 7.1684e-03 6.2453e-03
6.1209e-03 6.9759e-03 7.3876e-03 7.5758e-03 7.7230e-03 7.5753e-03 7.6764e-03 7.3378e-03 6.9847e-03 6.1809e-03
5.8798e-03 6.6640e-03 7.1583e-03 7.2963e-03 7.2851e-03 7.3129e-03 7.1569e-03 6.9914e-03 6.6842e-03 5.8617e-03
5.2173e-03 5.7876e-03 6.2891e-03 6.4081e-03 6.5441e-03 6.4253e-03 6.3694e-03 6.2160e-03 5.7310e-03 5.1903e-03
Time Step 4
5.3478e-03 5.9257e-03 6.2817e-03 6.4568e-03 6.6054e-03 6.6292e-03 6.4702e-03 6.3738e-03 6.0340e-03 5.2678e-03
5.9647e-03 6.8037e-03 7.1319e-03 7.4410e-03 7.5317e-03 7.3797e-03 7.4061e-03 7.2113e-03 6.8312e-03 6.0161e-03
6.3262e-03 7.0861e-03 7.5934e-03 7.8247e-03 7.7704e-03 7.8855e-03 7.7449e-03 7.5589e-03 7.1761e-03 6.3085e-03
6.4862e-03 7.3069e-03 7.7401e-03 7.9968e-03 8.0303e-03 8.0996e-03 7.9829e-03 7.8883e-03 7.3397e-03 6.5424e-03
6.6509e-03 7.3930e-03 7.8635e-03 8.0942e-03 8.0186e-03 8.0568e-03 8.0500e-03 7.8010e-03 7.4646e-03 6.6753e-03
6.5501e-03 7.3973e-03 7.8523e-03 8.0550e-03 8.1665e-03 8.0351e-03 7.9665e-03 7.8828e-03 7.4508e-03 6.7647e-03
6.4909e-03 7.4713e-03 7.8342e-03 7.9900e-03 8.0190e-03 8.0726e-03 7.8981e-03 7.6783e-03 7.3091e-03 6.5004e-03
6.3821e-03 7.1437e-03 7.5292e-03 7.7722e-03 7.8411e-03 7.7429e-03 7.9325e-03 7.5956e-03 7.1291e-03 6.2747e-03
6.0212e-03 6.8138e-03 7.2747e-03 7.5702e-03 7.4599e-03 7.4880e-03 7.4059e-03 7.1362e-03 6.8749e-03 6.0316e-03
5.4339e-03 5.9962e-03 6.2732e-03 6.6222e-03 6.5938e-03 6.5848e-03 6.4915e-03 6.3461e-03 6.0048e-03 5.4210e-03
Time Step 5
5.3596e-03 5.9769e-03 6.3280e-03 6.4535e-03 6.7991e-03 6.7839e-03 6.5092e-03 6.4076e-03 6.1327e-03 5.5153e-03
6.0245e-03 6.8172e-03 7.2957e-03 7.2792e-03 7.5252e-03 7.5138e-03 7.5218e-03 7.2582e-03 6.8397e-03 6.1324e-03
6.4074e-03 7.1605e-03 7.7796e-03 7.7258e-03 7.8726e-03 7.8581e-03 7.7911e-03 7.6668e-03 7.1414e-03 6.3436e-03
6.6939e-03 7.4407e-03 7.7617e-03 7.9130e-03 8.0928e-03 8.2059e-03 7.8887e-03 7.8276e-03 7.4444e-03 6.6000e-03
6.6427e-03 7.4533e-03 7.8521e-03 8.1712e-03 8.1877e-03 8.2207e-03 8.0747e-03 7.9064e-03 7.5151e-03 6.6706e-03
6.5642e-03 7.4786e-03 7.7952e-03 8.0520e-03 8.2436e-03 8.1452e-03 8.0663e-03 7.9002e-03 7.4580e-03 6.5991e-03
6.4344e-03 7.4253e-03 7.7682e-03 8.0078e-03 8.0869e-03 8.0823e-03 7.9878e-03 7.8421e-03 7.4248e-03 6.5823e-03
6.4682e-03 7.2448e-03 7.5851e-03 7.7698e-03 7.9776e-03 7.8608e-03 7.8596e-03 7.6993e-03 7.2358e-03 6.4417e-03
6.1186e-03 6.9645e-03 7.1037e-03 7.4905e-03 7.6453e-03 7.5169e-03 7.4829e-03 7.3436e-03 6.8661e-03 6.1768e-03
5.4788e-03 6.0706e-03 6.4168e-03 6.6106e-03 6.6743e-03 6.7672e-03 6.5992e-03 6.3659e-03 6.0224e-03 5.3770e-03
Time Step 6
5.3707e-03 6.1726e-03 6.5019e-03 6.6775e-03 6.6669e-03 6.7085e-03 6.6461e-03 6.4433e-03 6.1099e-03 5.4959e-03
6.1356e-03 6.8845e-03 7.1765e-03 7.3760e-03 7.4648e-03 7.5520e-03 7.6404e-03 7.3449e-03 6.8847e-03 6.1549e-03
6.4982e-03 7.2672e-03 7.4691e-03 7.8414e-03 8.0176e-03 7.9092e-03 7.9646e-03 7.5589e-03 7.2741e-03 6.5067e-03
6.4606e-03 7.3920e-03 8.0220e-03 8.0587e-03 8.1243e-03 8.1527e-03 8.0974e-03 7.8103e-03 7.3839e-03 6.6610e-03
6.6189e-03 7.5321e-03 8.0792e-03 7.9880e-03 8.2045e-03 8.2072e-03 8.1265e-03 7.9478e-03 7.6205e-03 6.6770e-03
6.7866e-03 7.4986e-03 7.9453e-03 8.0959e-03 8.0318e-03 8.1424e-03 8.1133e-03 7.9468e-03 7.5808e-03 6.6332e-03
6.4914e-03 7.4390e-03 7.8249e-03 8.1126e-03 8.1354e-03 8.1026e-03 8.0454e-03 7.9571e-03 7.4548e-03 6.6288e-03
6.4133e-03 7.2379e-03 7.6119e-03 7.9645e-03 7.9973e-03 7.8927e-03 7.7452e-03 7.6304e-03 7.2604e-03 6.5614e-03
6.0453e-03 6.9457e-03 7.3697e-03 7.4981e-03 7.5247e-03 7.5853e-03 7.5245e-03 7.3745e-03 6.8892e-03 6.1402e-03
5.3871e-03 6.1330e-03 6.3965e-03 6.5943e-03 6.6434e-03 6.6446e-03 6.7075e-03 6.5762e-03 6.1463e-03 5.4254e-03
Time Step 7
5.3969e-03 6.1071e-03 6.3662e-03 6.5981e-03 6.7021e-03 6.7737e-03 6.8216e-03 6.5402e-03 6.2862e-03 5.4728e-03
6.1177e-03 6.9233e-03 7.2831e-03 7.3177e-03 7.6363e-03 7.5781e-03 7.5861e-03 7.4482e-03 7.1141e-03 6.2086e-03
6.3950e-03 7.3159e-03 7.7795e-03 7.8484e-03 7.9323e-03 7.9466e-03 7.9358e-03 7.7038e-03 7.3207e-03 6.5832e-03
6.7058e-03 7.6134e-03 7.8917e-03 8.0695e-03 8.1429e-03 8.2894e-03 8.1017e-03 7.8454e-03 7.4432e-03 6.6549e-03
6.7937e-03 7.5581e-03 7.9260e-03 8.0669e-03 8.2205e-03 8.2858e-03 8.2432e-03 8.0462e-03 7.5058e-03 6.7134e-03
6.7327e-03 7.4017e-03 7.9197e-03 8.0506e-03 8.0952e-03 8.1428e-03 8.1469e-03 8.0222e-03 7.5517e-03 6.6638e-03
6.5816e-03 7.4225e-03 7.9317e-03 7.9888e-03 8.2169e-03 8.0648e-03 8.0271e-03 7.8321e-03 7.3768e-03 6.7368e-03
6.4413e-03 7.1875e-03 7.6604e-03 7.8791e-03 7.9553e-03 8.0195e-03 7.7774e-03 7.6552e-03 7.2520e-03 6.4465e-03
6.0750e-03 6.8430e-03 7.2465e-03 7.5289e-03 7.5725e-03 7.6711e-03 7.4623e-03 7.3074e-03 6.8103e-03 5.9548e-03
5.4446e-03 6.1485e-03 6.4689e-03 6.6901e-03 6.7207e-03 6.7010e-03 6.6817e-03 6.4288e-03 6.1769e-03 5.3473e-03
Time Step 8
5.3974e-03 6.1331e-03 6.4028e-03 6.6359e-03 6.8282e-03 6.7254e-03 6.7401e-03 6.5446e-03 6.1898e-03 5.5356e-03
6.1634e-03 6.8840e-03 7.1977e-03 7.3932e-03 7.6781e-03 7.6144e-03 7.4891e-03 7.2948e-03 7.0000e-03 6.0969e-03
6.5206e-03 7.2726e-03 7.6382e-03 7.9424e-03 7.9735e-03 7.9669e-03 7.9861e-03 7.6311e-03 7.3452e-03 6.5338e-03
6.5907e-03 7.5698e-03 7.7818e-03 7.9948e-03 8.0638e-03 8.2152e-03 8.1648e-03 7.8130e-03 7.4938e-03 6.5944e-03
6.6696e-03 7.5966e-03 7.9607e-03 8.1124e-03 8.2494e-03 8.2434e-03 8.2449e-03 8.0268e-03 7.6148e-03 6.7172e-03
6.7740e-03 7.6550e-03 7.9356e-03 8.2004e-03 8.1429e-03 8.2204e-03 8.1761e-03 8.0994e-03 7.4005e-03 6.6761e-03
6.7698e-03 7.3885e-03 7.8732e-03 8.0975e-03 7.9950e-03 8.1910e-03 8.0001e-03 7.8813e-03 7.5920e-03 6.7669e-03
6.4736e-03 7.2642e-03 7.6992e-03 7.8776e-03 8.0226e-03 8.0092e-03 8.0299e-03 7.7648e-03 7.2175e-03 6.3689e-03
6.1616e-03 6.9352e-03 7.3815e-03 7.5594e-03 7.5841e-03 7.6034e-03 7.6664e-03 7.4221e-03 6.9191e-03 6.1056e-03
5.5355e-03 6.2198e-03 6.5251e-03 6.6610e-03 6.7383e-03 6.7751e-03 6.6218e-03 6.2632e-03 6.0161e-03 5.5073e-03
Time Step 9
5.5272e-03 6.0766e-03 6.4903e-03 6.6750e-03 6.7642e-03 6.7557e-03 6.6653e-03 6.4066e-03 6.2483e-03 5.4855e-03
6.0840e-03 6.9172e-03 7.2741e-03 7.5761e-03 7.6621e-03 7.6983e-03 7.4806e-03 7.2464e-03 6.9597e-03 6.1640e-03
6.4255e-03 7.2187e-03 7.8034e-03 7.9410e-03 7.9286e-03 7.9926e-03 7.9868e-03 7.7036e-03 7.2811e-03 6.4336e-03
6.6633e-03 7.4289e-03 7.7864e-03 8.1494e-03 8.2362e-03 8.1829e-03 8.1944e-03 7.9441e-03 7.5378e-03 6.5925e-03
6.6945e-03 7.6479e-03 8.0067e-03 8.1859e-03 8.3458e-03 8.2586e-03 8.0837e-03 7.9170e-03 7.4353e-03 6.7528e-03
6.7690e-03 7.6212e-03 7.8973e-03 8.1362e-03 8.2551e-03 8.2283e-03 8.2053e-03 7.8946e-03 7.6750e-03 6.8054e-03
6.6716e-03 7.4662e-03 7.9126e-03 8.1297e-03 8.2962e-03 8.0995e-03 7.9767e-03 7.9356e-03 7.5999e-03 6.7156e-03
6.4946e-03 7.2484e-03 7.6098e-03 7.9538e-03 7.9003e-03 7.9459e-03 7.8452e-03 7.6737e-03 7.2416e-03 6.4852e-03
6.1912e-03 6.8938e-03 7.3364e-03 7.6421e-03 7.6100e-03 7.6170e-03 7.5240e-03 7.5271e-03 6.9673e-03 6.1891e-03
5.4865e-03 6.1218e-03 6.5029e-03 6.7851e-03 6.7058e-03 6.6625e-03 6.6879e-03 6.4312e-03 6.1776e-03 5.4992e-03
Time Step 10
5.5697e-03 6.1462e-03 6.4942e-03 6.5762e-03 6.7978e-03 6.7551e-03 6.6032e-03 6.4883e-03 6.0746e-03 5.4636e-03
6.0001e-03 6.8825e-03 7.3772e-03 7.4769e-03 7.6090e-03 7.4980e-03 7.4433e-03 7.3298e-03 7.0736e-03 6.1975e-03
6.3982e-03 7.2304e-03 7.6571e-03 7.9306e-03 7.9971e-03 8.1503e-03 7.8948e-03 7.6875e-03 7.2173e-03 6.4697e-03
6.5851e-03 7.4624e-03 8.0620e-03 8.1206e-03 8.3044e-03 8.1653e-03 8.1217e-03 7.8672e-03 7.5236e-03 6.6753e-03
6.8160e-03 7.6798e-03 8.0257e-03 8.1708e-03 8.1996e-03 8.2079e-03 8.1453e-03 7.9305e-03 7.6442e-03 6.7360e-03
6.6941e-03 7.5787e-03 8.0112e-03 8.0979e-03 8.2512e-03 8.1728e-03 8.2288e-03 7.9989e-03 7.5597e-03 6.8166e-03
6.6022e-03 7.5226e-03 7.9581e-03 8.1678e-03 8.1251e-03 8.2526e-03 8.0898e-03 7.9307e-03 7.4842e-03 6.7476e-03
6.5366e-03 7.3883e-03 7.7181e-03 7.9335e-03 7.9532e-03 7.9590e-03 7.9526e-03 7.7823e-03 7.3784e-03 6.5450e-03
6.1718e-03 6.8605e-03 7.2355e-03 7.5566e-03 7.5873e-03 7.6348e-03 7.5779e-03 7.3296e-03 6.8516e-03 6.0595e-03
5.4659e-03 6.1989e-03 6.5618e-03 6.6525e-03 6.7602e-03 6.8541e-03 6.7337e-03 6.4499e-03 6.1591e-03 5.5767e-03
Time Step 11
5.3499e-03 6.0332e-03 6.4962e-03 6.6359e-03 6.7734e-03 6.6869e-03 6.7220e-03 6.4640e-03 6.2665e-03 5.5907e-03
6.1137e-03 6.8185e-03 7.2797e-03 7.4380e-03 7.6989e-03 7.5296e-03 7.3984e-03 7.1904e-03 6.8782e-03 6.1725e-03
6.5158e-03 7.2454e-03 7.8017e-03 8.0248e-03 7.9756e-03 8.0157e-03 7.8184e-03 7.6721e-03 7.2815e-03 6.4819e-03
6.7391e-03 7.4565e-03 7.8651e-03 8.0140e-03 8.2104e-03 8.2486e-03 8.0896e-03 7.9175e-03 7.5979e-03 6.6727e-03
6.7736e-03 7.6715e-03 8.0242e-03 8.2778e-03 8.3234e-03 8.3371e-03 8.2512e-03 7.9751e-03 7.5303e-03 6.7497e-03
6.6949e-03 7.5501e-03 7.9423e-03 8.1870e-03 8.3339e-03 8.3128e-03 8.1902e-03 8.0517e-03 7.6295e-03 6.6866e-03
6.6170e-03 7.3925e-03 7.9473e-03 8.1242e-03 8.1944e-03 8.1708e-03 8.0983e-03 7.9208e-03 7.4217e-03 6.7754e-03
6.5877e-03 7.3768e-03 7.7483e-03 7.9917e-03 8.0244e-03 7.9206e-03 7.9154e-03 7.7072e-03 7.4338e-03 6.5059e-03
6.1601e-03 7.0254e-03 7.2748e-03 7.4993e-03 7.5242e-03 7.5894e-03 7.4808e-03 7.2643e-03 6.9364e-03 6.1033e-03
5.4975e-03 6.1369e-03 6.4620e-03 6.7231e-03 6.7495e-03 6.8021e-03 6.5985e-03 6.4719e-03 6.1451e-03 5.4299e-03
Time Step 12
5.5342e-03 6.1366e-03 6.5872e-03 6.6512e-03 6.7380e-03 6.7838e-03 6.6853e-03 6.4518e-03 6.1559e-03 5.5035e-03
6.0346e-03 6.8450e-03 7.3940e-03 7.4917e-03 7.5883e-03 7.6325e-03 7.5575e-03 7.2473e-03 6.8782e-03 6.0092e-03
6.5641e-03 7.3955e-03 7.7060e-03 7.9710e-03 8.0346e-03 7.9990e-03 7.9504e-03 7.7591e-03 7.4001e-03 6.5087e-03
6.8217e-03 7.4163e-03 7.8681e-03 8.0582e-03 8.2155e-03 8.2349e-03 8.1618e-03 7.9075e-03 7.6070e-03 6.6072e-03
6.7672e-03 7.5663e-03 8.0661e-03 8.1069e-03 8.2167e-03 8.3390e-03 8.2719e-03 7.9536e-03 7.6147e-03 6.7223e-03
6.7699e-03 7.6253e-03 8.0033e-03 8.2914e-03 8.3044e-03 8.1763e-03 8.2510e-03 7.9663e-03 7.5835e-03 6.8092e-03
6.7123e-03 7.6068e-03 7.9305e-03 8.1663e-03 8.1854e-03 8.2940e-03 8.1155e-03 7.8967e-03 7.5613e-03 6.6743e-03
6.4551e-03 7.3641e-03 7.6774e-03 7.9220e-03 7.9772e-03 7.9026e-03 7.9598e-03 7.7557e-03 7.2490e-03 6.5790e-03
6.1629e-03 6.8549e-03 7.3390e-03 7.3759e-03 7.5301e-03 7.5487e-03 7.6100e-03 7.3101e-03 6.9319e-03 6.0726e-03
5.5476e-03 6.1532e-03 6.3959e-03 6.5321e-03 6.7654e-03 6.7491e-03 6.7026e-03 6.4590e-03 6.0417e-03 5.4543e-03
Time Step 13
5.5688e-03 6.1609e-03 6.4641e-03 6.5522e-03 6.7152e-03 6.6520e-03 6.7382e-03 6.4778e-03 6.1430e-03 5.4951e-03
6.1101e-03 6.9411e-03 7.3435e-03 7.5076e-03 7.6403e-03 7.6631e-03 7.7186e-03 7.2478e-03 6.8720e-03 6.1450e-03
6.6261e-03 7.2527e-03 7.7762e-03 7.7488e-03 7.9722e-03 8.0299e-03 7.9540e-03 7.6527e-03 7.3364e-03 6.4089e-03
6.6566e-03 7.5158e-03 7.9410e-03 8.2341e-03 8.1378e-03 8.1054e-03 8.0474e-03 7.8542e-03 7.6012e-03 6.5979e-03
6.7375e-03 7.5463e-03 8.0363e-03 8.2381e-03 8.2615e-03 8.3620e-03 8.1490e-03 7.9183e-03 7.4998e-03 6.8425e-03
6.8263e-03 7.6113e-03 7.8911e-03 8.1226e-03 8.3225e-03 8.3198e-03 8.1196e-03 7.9981e-03 7.5980e-03 6.7689e-03
6.6943e-03 7.5046e-03 7.9452e-03 8.0266e-03 8.2404e-03 8.3556e-03 8.1863e-03 7.8342e-03 7.4909e-03 6.7227e-03
6.3161e-03 7.2382e-03 7.7388e-03 7.9449e-03 7.9874e-03 8.0860e-03 7.9685e-03 7.6728e-03 7.3444e-03 6.4317e-03
6.0972e-03 6.8722e-03 7.4202e-03 7.4684e-03 7.5377e-03 7.4944e-03 7.4854e-03 7.2759e-03 6.9094e-03 6.1342e-03
5.4086e-03 6.0790e-03 6.4848e-03 6.6650e-03 6.6981e-03 6.7956e-03 6.6425e-03 6.4368e-03 6.0679e-03 5.6590e-03
Time Step 14
5.5798e-03 6.1730e-03 6.5537e-03 6.6660e-03 6.6900e-03 6.6987e-03 6.4691e-03 6.4021e-03 6.0792e-03 5.5658e-03
6.1325e-03 6.8900e-03 7.3787e-03 7.5501e-03 7.5382e-03 7.6204e-03 7.6847e-03 7.1701e-03 6.8422e-03 6.2213e-03
6.5223e-03 7.2852e-03 7.8069e-03 7.9030e-03 7.9553e-03 8.0234e-03 7.9062e-03 7.7151e-03 7.2717e-03 6.5670e-03
6.6085e-03 7.5153e-03 7.9822e-03 8.2524e-03 8.1193e-03 8.2168e-03 8.0826e-03 7.9960e-03 7.3801e-03 6.7069e-03
6.7346e-03 7.6186e-03 7.9764e-03 8.1045e-03 8.2526e-03 8.2956e-03 8.1174e-03 8.0668e-03 7.5598e-03 6.6360e-03
6.8338e-03 7.5080e-03 7.9010e-03 8.1945e-03 8.2357e-03 8.1834e-03 8.1656e-03 7.9490e-03 7.6334e-03 6.7228e-03
6.6017e-03 7.4065e-03 7.9368e-03 8.0759e-03 8.1737e-03 8.2046e-03 8.0434e-03 7.8255e-03 7.4345e-03 6.6558e-03
6.4738e-03 7.2237e-03 7.7123e-03 7.8286e-03 8.1043e-03 8.0196e-03 8.0548e-03 7.6831e-03 7.3256e-03 6.5483e-03
6.0091e-03 6.9315e-03 7.3542e-03 7.4636e-03 7.4865e-03 7.5001e-03 7.5280e-03 7.3299e-03 7.0133e-03 6.1466e-03
5.4177e-03 6.1778e-03 6.4609e-03 6.5873e-03 6.8223e-03 6.5831e-03 6.6390e-03 6.5175e-03 6.0847e-03 5.4455e-03
Time Step 15
5.4351e-03 6.2569e-03 6.3815e-03 6.6693e-03 6.6848e-03 6.6601e-03 6.5532e-03 6.4541e-03 6.1750e-03 5.5122e-03
6.0633e-03 6.8517e-03 7.3987e-03 7.4611e-03 7.4938e-03 7.7726e-03 7.5899e-03 7.3425e-03 6.8089e-03 6.2334e-03
6.5356e-03 7.2841e-03 8.0044e-03 7.8921e-03 7.9281e-03 7.9491e-03 8.0289e-03 7.8082e-03 7.3270e-03 6.4942e-03
6.6750e-03 7.5775e-03 7.9994e-03 8.1981e-03 8.0346e-03 8.2236e-03 8.0454e-03 7.9166e-03 7.5060e-03 6.6242e-03
6.7818e-03 7.5322e-03 7.9521e-03 8.1399e-03 8.1759e-03 8.1193e-03 8.1661e-03 7.9780e-03 7.5947e-03 6.8064e-03
6.6575e-03 7.6045e-03 7.8963e-03 8.0832e-03 8.2063e-03 8.2996e-03 8.2177e-03 8.0158e-03 7.7042e-03 6.7055e-03
6.6576e-03 7.4503e-03 7.7790e-03 8.0974e-03 8.1741e-03 8.1589e-03 8.1029e-03 7.9377e-03 7.4900e-03 6.7061e-03
6.4210e-03 7.3756e-03 7.6158e-03 7.7789e-03 7.9916e-03 7.8929e-03 7.9196e-03 7.6892e-03 7.2264e-03 6.3106e-03
6.1586e-03 6.9573e-03 7.1987e-03 7.5255e-03 7.6248e-03 7.6080e-03 7.4842e-03 7.3185e-03 6.9494e-03 6.1445e-03
5.5337e-03 6.1536e-03 6.5582e-03 6.5737e-03 6.8703e-03 6.7933e-03 6.5529e-03 6.4135e-03 6.1514e-03 5.5818e-03
Time Step 16
5.5069e-03 6.1254e-03 6.5644e-03 6.7247e-03 6.8168e-03 6.6946e-03 6.6315e-03 6.4727e-03 6.1926e-03 5.5931e-03
6.1442e-03 7.1061e-03 7.3132e-03 7.5851e-03 7.6884e-03 7.4888e-03 7.4721e-03 7.2115e-03 6.9401e-03 6.2355e-03
6.4440e-03 7.3157e-03 7.7147e-03 8.1393e-03 7.9447e-03 7.8889e-03 8.0149e-03 7.7855e-03 7.2300e-03 6.5095e-03
6.7280e-03 7.4714e-03 7.7848e-03 8.1892e-03 8.1912e-03 8.1006e-03 7.9992e-03 7.7924e-03 7.5281e-03 6.7147e-03
6.6808e-03 7.6137e-03 7.9431e-03 8.1894e-03 8.3115e-03 8.1569e-03 8.0998e-03 7.9070e-03 7.5119e-03 6.8609e-03
6.7253e-03 7.5164e-03 7.9459e-03 8.1411e-03 8.2872e-03 8.2378e-03 8.3454e-03 7.9093e-03 7.6610e-03 6.8079e-03
6.7396e-03 7.4874e-03 7.9434e-03 8.0829e-03 8.2427e-03 8.1474e-03 8.1299e-03 7.9320e-03 7.6911e-03 6.6954e-03
6.3305e-03 7.2451e-03 7.6826e-03 7.8699e-03 7.9362e-03 7.9775e-03 7.8527e-03 7.6562e-03 7.3789e-03 6.6581e-03
6.2291e-03 6.8501e-03 7.2723e-03 7.4122e-03 7.5391e-03 7.6455e-03 7.4680e-03 7.2524e-03 6.8630e-03 6.1521e-03
5.4963e-03 5.9587e-03 6.4269e-03 6.6190e-03 6.8193e-03 6.7431e-03 6.6353e-03 6.4034e-03 6.0359e-03 5.5192e-03
Time Step 17
5.4640e-03 6.0960e-03 6.5668e-03 6.7452e-03 6.7650e-03 6.7506e-03 6.6616e-03 6.5520e-03 6.1306e-03 5.5055e-03
6.0983e-03 6.9933e-03 7.2570e-03 7.5091e-03 7.6742e-03 7.6365e-03 7.5815e-03 7.1871e-03 6.8368e-03 6.1176e-03
6.3951e-03 7.3022e-03 7.7314e-03 7.9565e-03 8.0932e-03 8.0778e-03 7.8182e-03 7.6696e-03 7.3136e-03 6.4954e-03
6.4962e-03 7.5003e-03 7.9672e-03 8.0607e-03 8.1153e-03 8.1848e-03 8.0248e-03 7.9551e-03 7.5618e-03 6.6452e-03
6.6827e-03 7.4321e-03 7.9913e-03 8.2128e-03 8.2179e-03 8.2290e-03 8.1311e-03 7.9842e-03 7.5398e-03 6.6486e-03
6.7360e-03 7.5732e-03 7.9943e-03 8.2240e-03 8.2601e-03 8.1695e-03 8.2715e-03 7.9152e-03 7.6031e-03 6.7425e-03
6.7404e-03 7.3905e-03 7.7526e-03 8.0897e-03 8.2401e-03 8.0351e-03 8.1797e-03 7.8763e-03 7.5068e-03 6.6618e-03
6.3662e-03 7.2043e-03 7.7881e-03 7.9239e-03 7.8764e-03 7.8677e-03 7.9798e-03 7.6976e-03 7.3153e-03 6.5214e-03
6.0887e-03 6.9342e-03 7.2476e-03 7.5561e-03 7.4727e-03 7.6750e-03 7.3997e-03 7.4007e-03 6.8695e-03 6.2516e-03
5.4498e-03 6.0729e-03 6.4141e-03 6.6475e-03 6.8553e-03 6.8599e-03 6.7325e-03 6.5103e-03 6.2282e-03 5.5749e-03
Time Step 18
5.5271e-03 6.0870e-03 6.5632e-03 6.6546e-03 6.7100e-03 6.6323e-03 6.7036e-03 6.4417e-03 6.1035e-03 5.5616e-03
6.1858e-03 7.0618e-03 7.3862e-03 7.4445e-03 7.5141e-03 7.4627e-03 7.4872e-03 7.3092e-03 6.8881e-03 6.1971e-03
6.5311e-03 7.4055e-03 7.6734e-03 7.9441e-03 7.9887e-03 7.9226e-03 7.8548e-03 7.8333e-03 7.2237e-03 6.5271e-03
6.6190e-03 7.4377e-03 7.9420e-03 8.2587e-03 8.1713e-03 8.1169e-03 7.9894e-03 7.7975e-03 7.5292e-03 6.7079e-03
6.7320e-03 7.5795e-03 8.0160e-03 8.1990e-03 8.2436e-03 8.1304e-03 8.1529e-03 7.8878e-03 7.5790e-03 6.7568e-03
6.6451e-03 7.4815e-03 7.9633e-03 8.1626e-03 8.1921e-03 8.2269e-03 8.2102e-03 8.0352e-03 7.6310e-03 6.6721e-03
6.8477e-03 7.4864e-03 7.7955e-03 8.0217e-03 8.2320e-03 8.2481e-03 8.1834e-03 7.8787e-03 7.5063e-03 6.6111e-03
6.5559e-03 7.3320e-03 7.7926e-03 7.8385e-03 8.0086e-03 7.8818e-03 7.8906e-03 7.7376e-03 7.3591e-03 6.4410e-03
6.1409e-03 6.8840e-03 7.3370e-03 7.4995e-03 7.5290e-03 7.5121e-03 7.4587e-03 7.2821e-03 7.0542e-03 6.1469e-03
5.5052e-03 6.1229e-03 6.5946e-03 6.5570e-03 6.7215e-03 6.7353e-03 6.6765e-03 6.5381e-03 6.2903e-03 5.6002e-03
Time Step 19
5.6213e-03 6.1530e-03 6.5652e-03 6.6696e-03 6.7778e-03 6.7296e-03 6.6384e-03 6.4336e-03 6.1771e-03 5.5112e-03
6.1991e-03 6.9388e-03 7.3668e-03 7.5139e-03 7.5994e-03 7.6643e-03 7.4328e-03 7.3442e-03 6.9047e-03 6.0637e-03
6.5669e-03 7.3493e-03 7.7942e-03 7.7719e-03 8.1083e-03 8.0427e-03 7.9360e-03 7.6732e-03 7.3101e-03 6.6754e-03
6.7217e-03 7.4551e-03 7.8954e-03 8.2066e-03 8.1007e-03 8.1698e-03 8.0485e-03 7.8439e-03 7.4703e-03 6.7024e-03
6.8202e-03 7.4672e-03 7.9865e-03 8.3093e-03 8.3037e-03 8.2608e-03 8.1573e-03 7.9754e-03 7.5900e-03 6.8475e-03
6.8105e-03 7.5949e-03 7.9692e-03 8.1521e-03 8.2481e-03 8.2850e-03 8.1225e-03 8.1137e-03 7.6916e-03 6.7141e-03
6.7529e-03 7.5102e-03 7.9530e-03 8.1170e-03 8.1633e-03 8.2011e-03 8.1431e-03 7.9079e-03 7.4468e-03 6.5757e-03
6.4904e-03 7.3139e-03 7.6769e-03 7.8266e-03 7.9361e-03 7.9594e-03 7.9036e-03 7.5855e-03 7.2065e-03 6.5787e-03
6.1365e-03 6.8496e-03 7.2347e-03 7.5745e-03 7.4744e-03 7.6380e-03 7.4471e-03 7.2888e-03 6.9212e-03 6.1439e-03
5.5493e-03 6.1504e-03 6.4810e-03 6.5992e-03 6.7143e-03 6.6706e-03 6.6448e-03 6.5839e-03 6.0949e-03 5.4773e-03
Time Step 20
5.6485e-03 6.1082e-03 6.3710e-03 6.7364e-03 6.7881e-03 6.7571e-03 6.5704e-03 6.4672e-03 6.2837e-03 5.5364e-03
6.1391e-03 6.9716e-03 7.4192e-03 7.4415e-03 7.6344e-03 7.6067e-03 7.4178e-03 7.2441e-03 7.0495e-03 6.2393e-03
6.4404e-03 7.3148e-03 7.6468e-03 7.7821e-03 7.9413e-03 7.9845e-03 7.9051e-03 7.7259e-03 7.2738e-03 6.4465e-03
6.7691e-03 7.5466e-03 7.9433e-03 8.1478e-03 8.1128e-03 8.1423e-03 8.0849e-03 8.0068e-03 7.3053e-03 6.6441e-03
6.6937e-03 7.6093e-03 7.9233e-03 8.2228e-03 8.2721e-03 8.3140e-03 8.1442e-03 7.8557e-03 7.6300e-03 6.6351e-03
6.8019e-03 7.8595e-03 7.9652e-03 8.1659e-03 8.1214e-03 8.2224e-03 8.0977e-03 7.9509e-03 7.6227e-03 6.6269e-03
6.7510e-03 7.4677e-03 7.9235e-03 8.1481e-03 8.2607e-03 8.1480e-03 8.0712e-03 7.8382e-03 7.4541e-03 6.5197e-03
6.4428e-03 7.2712e-03 7.7984e-03 8.0649e-03 7.9875e-03 7.9284e-03 7.9288e-03 7.6757e-03 7.3737e-03 6.4730e-03
6.0817e-03 6.8585e-03 7.3700e-03 7.5351e-03 7.6807e-03 7.7194e-03 7.4927e-03 7.2514e-03 7.0282e-03 6.1774e-03
5.3982e-03 6.0009e-03 6.4886e-03 6.6467e-03 6.8347e-03 6.7388e-03 6.6263e-03 6.3885e-03 6.1109e-03 5.4897e-03
Time Step 21
5.5365e-03 6.0916e-03 6.4829e-03 6.6559e-03 6.8394e-03 6.5944e-03 6.6266e-03 6.3847e-03 6.1370e-03 5.5836e-03
6.1118e-03 6.9284e-03 7.2771e-03 7.4587e-03 7.5629e-03 7.6540e-03 7.4563e-03 7.2697e-03 6.9452e-03 6.1180e-03
6.2734e-03 7.3510e-03 7.7631e-03 7.8843e-03 7.9956e-03 7.9672e-03 7.8737e-03 7.6917e-03 7.3269e-03 6.3897e-03
6.6757e-03 7.6147e-03 7.9254e-03 8.1146e-03 8.1422e-03 8.0420e-03 8.0698e-03 7.8421e-03 7.4209e-03 6.5763e-03
6.6952e-03 7.5573e-03 7.8283e-03 8.0873e-03 8.2688e-03 8.1620e-03 8.2099e-03 8.0107e-03 7.4813e-03 6.7267e-03
6.8596e-03 7.5388e-03 7.8482e-03 8.1959e-03 8.2304e-03 8.2311e-03 8.1330e-03 7.9918e-03 7.5735e-03 6.6450e-03
6.7244e-03 7.6502e-03 7.8970e-03 8.1256e-03 8.2792e-03 8.1972e-03 8.0702e-03 7.9417e-03 7.4291e-03 6.6653e-03
6.4474e-03 7.2473e-03 7.7805e-03 7.8674e-03 7.9431e-03 8.0013e-03 7.8991e-03 7.7749e-03 7.2594e-03 6.4271e-03
6.1812e-03 6.9877e-03 7.2801e-03 7.5288e-03 7.7398e-03 7.5444e-03 7.4369e-03 7.2646e-03 6.7828e-03 6.2053e-03
5.4110e-03 6.1829e-03 6.5601e-03 6.6408e-03 6.8105e-03 6.7751e-03 6.5956e-03 6.5752e-03 6.1041e-03 5.5263e-03
Time Step 22
5.5008e-03 6.1201e-03 6.4517e-03 6.5960e-03 6.7133e-03 6.6497e-03 6.6426e-03 6.4009e-03 6.2590e-03 5.5516e-03
6.1965e-03 6.9530e-03 7.2892e-03 7.5061e-03 7.5553e-03 7.6037e-03 7.4112e-03 7.3523e-03 6.8960e-03 6.1197e-03
6.4897e-03 7.3299e-03 7.6759e-03 8.0285e-03 7.9674e-03 8.0170e-03 7.8878e-03 7.6841e-03 7.2947e-03 6.4489e-03
6.5359e-03 7.5353e-03 7.9555e-03 8.1601e-03 8.2336e-03 8.2301e-03 8.1194e-03 7.9816e-03 7.6567e-03 6.5979e-03
6.8567e-03 7.5772e-03 8.0320e-03 8.2435e-03 8.2240e-03 8.2729e-03 8.1908e-03 7.9265e-03 7.4990e-03 6.6272e-03
6.8503e-03 7.5049e-03 8.0564e-03 8.1914e-03 8.2608e-03 8.3769e-03 8.1428e-03 7.8572e-03 7.5376e-03 6.7330e-03
6.6989e-03 7.4661e-03 7.9664e-03 8.1003e-03 8.1859e-03 8.2726e-03 7.9664e-03 7.7964e-03 7.5110e-03 6.5422e-03
6.3750e-03 7.2735e-03 7.7721e-03 7.8816e-03 7.9478e-03 8.0529e-03 7.8045e-03 7.4809e-03 7.3132e-03 6.3794e-03
6.1865e-03 6.9173e-03 7.2180e-03 7.5199e-03 7.7315e-03 7.5573e-03 7.4338e-03 7.2453e-03 6.8011e-03 6.0319e-03
5.4906e-03 6.1670e-03 6.5039e-03 6.8144e-03 6.7088e-03 6.6963e-03 6.6199e-03 6.3391e-03 6.1152e-03 5.4368e-03
Time Step 23
5.5858e-03 6.2691e-03 6.6252e-03 6.5973e-03 6.8067e-03 6.7762e-03 6.6275e-03 6.4677e-03 6.0647e-03 5.5764e-03
6.0991e-03 6.9241e-03 7.2558e-03 7.5382e-03 7.6240e-03 7.5997e-03 7.5965e-03 7.2841e-03 7.0658e-03 6.1748e-03
6.5228e-03 7.4052e-03 7.6945e-03 7.9293e-03 8.1527e-03 8.0292e-03 7.8508e-03 7.6762e-03 7.3140e-03 6.5296e-03
6.6618e-03 7.3839e-03 7.8878e-03 8.1868e-03 8.2579e-03 8.2319e-03 8.1212e-03 7.8918e-03 7.5574e-03 6.5577e-03
6.6671e-03 7.5726e-03 8.0717e-03 8.2663e-03 8.2984e-03 8.3249e-03 8.2388e-03 7.8062e-03 7.3944e-03 6.6990e-03
6.6557e-03 7.5144e-03 8.1057e-03 8.2169e-03 8.2300e-03 8.3529e-03 8.0736e-03 7.8983e-03 7.5326e-03 6.6522e-03
6.6964e-03 7.4516e-03 7.8211e-03 8.0799e-03 8.0511e-03 8.1763e-03 8.0445e-03 7.8395e-03 7.5263e-03 6.6327e-03
6.5721e-03 7.3373e-03 7.7061e-03 8.0524e-03 7.9180e-03 7.9405e-03 7.8535e-03 7.5191e-03 7.3828e-03 6.4450e-03
6.1056e-03 6.8207e-03 7.3869e-03 7.5551e-03 7.5242e-03 7.5648e-03 7.4452e-03 7.2589e-03 7.0683e-03 6.1653e-03
5.3548e-03 5.9756e-03 6.5302e-03 6.7377e-03 6.6650e-03 6.6641e-03 6.6229e-03 6.4967e-03 6.0989e-03 5.5311e-03
Time Step 24
5.4356e-03 6.1425e-03 6.5233e-03 6.7517e-03 6.7799e-03 6.6192e-03 6.6623e-03 6.4353e-03 6.1507e-03 5.5253e-03
6.1861e-03 6.8395e-03 7.2326e-03 7.3633e-03 7.5521e-03 7.5343e-03 7.5136e-03 7.3671e-03 6.9069e-03 6.0958e-03
6.3937e-03 7.3802e-03 7.5664e-03 7.8366e-03 7.9558e-03 8.1129e-03 8.0025e-03 7.7809e-03 7.2522e-03 6.4865e-03
6.5890e-03 7.4202e-03 7.9137e-03 8.2007e-03 8.1639e-03 8.2312e-03 8.2950e-03 7.8846e-03 7.5559e-03 6.6015e-03
6.7409e-03 7.5479e-03 8.1201e-03 8.1919e-03 8.2865e-03 8.2577e-03 8.2637e-03 7.9170e-03 7.5326e-03 6.8120e-03
6.7382e-03 7.5118e-03 8.0623e-03 8.2705e-03 8.2909e-03 8.2662e-03 8.1604e-03 8.0408e-03 7.5972e-03 6.8133e-03
6.7384e-03 7.5234e-03 7.9178e-03 8.1183e-03 8.2651e-03 8.1133e-03 8.0938e-03 7.9391e-03 7.4626e-03 6.5961e-03
6.5399e-03 7.3613e-03 7.7579e-03 7.9931e-03 8.0284e-03 7.9254e-03 7.8712e-03 7.7626e-03 7.3180e-03 6.3967e-03
6.0506e-03 6.8268e-03 7.3111e-03 7.4519e-03 7.6733e-03 7.5997e-03 7.6829e-03 7.3296e-03 6.8800e-03 6.0152e-03
5.3862e-03 6.0466e-03 6.4532e-03 6.7955e-03 6.8251e-03 6.7653e-03 6.5217e-03 6.5757e-03 6.2194e-03 5.4337e-03
Time Step 25
5.3847e-03 6.0743e-03 6.4226e-03 6.7692e-03 6.5972e-03 6.7227e-03 6.6949e-03 6.5135e-03 6.2188e-03 5.3612e-03
6.1996e-03 6.8056e-03 7.3295e-03 7.4112e-03 7.6999e-03 7.4899e-03 7.5270e-03 7.3561e-03 6.8110e-03 6.0877e-03
6.2960e-03 7.3746e-03 7.7867e-03 7.9830e-03 7.9732e-03 7.9933e-03 7.8641e-03 7.6940e-03 7.3315e-03 6.4000e-03
6.5715e-03 7.4085e-03 7.9335e-03 8.1233e-03 8.1770e-03 8.1999e-03 8.2946e-03 8.0142e-03 7.4207e-03 6.5647e-03
6.7394e-03 7.5868e-03 8.0327e-03 8.3278e-03 8.2507e-03 8.3179e-03 8.1639e-03 7.9992e-03 7.6917e-03 6.7293e-03
6.7660e-03 7.5855e-03 8.0163e-03 8.2262e-03 8.1453e-03 8.3605e-03 8.1552e-03 8.1052e-03 7.7443e-03 6.7491e-03
6.7365e-03 7.5108e-03 7.9667e-03 8.1053e-03 8.2145e-03 8.2668e-03 8.1322e-03 7.9341e-03 7.5578e-03 6.7006e-03
6.5707e-03 7.4700e-03 7.7632e-03 7.8323e-03 7.9711e-03 8.0031e-03 7.9278e-03 7.8244e-03 7.2556e-03 6.4643e-03
6.0005e-03 6.9095e-03 7.3403e-03 7.4566e-03 7.5672e-03 7.5277e-03 7.6120e-03 7.3620e-03 6.9318e-03 6.1653e-03
5.5521e-03 6.1526e-03 6.5264e-03 6.7026e-03 6.7312e-03 6.7175e-03 6.6748e-03 6.4488e-03 6.1685e-03 5.4983e-03
Time Step 26
5.4453e-03 6.2274e-03 6.5337e-03 6.6867e-03 6.7334e-03 6.8123e-03 6.6835e-03 6.5662e-03 6.2550e-03 5.4395e-03
6.1802e-03 6.8880e-03 7.3702e-03 7.5045e-03 7.5724e-03 7.5739e-03 7.5502e-03 7.2929e-03 6.9724e-03 6.1435e-03
6.5196e-03 7.4222e-03 7.7150e-03 7.9912e-03 8.0657e-03 7.9625e-03 7.9436e-03 7.7562e-03 7.3217e-03 6.3959e-03
6.6670e-03 7.4743e-03 8.0228e-03 8.2407e-03 8.3062e-03 8.1490e-03 8.1142e-03 7.9479e-03 7.5583e-03 6.5408e-03
6.8409e-03 7.6446e-03 8.0574e-03 8.2278e-03 8.2906e-03 8.2721e-03 8.1936e-03 7.9926e-03 7.5197e-03 6.7098e-03
6.7075e-03 7.5598e-03 7.8240e-03 8.1815e-03 8.2535e-03 8.3556e-03 8.0640e-03 7.9770e-03 7.5638e-03 6.6085e-03
6.6938e-03 7.5222e-03 7.9090e-03 8.1260e-03 8.1907e-03 8.1212e-03 8.2285e-03 7.9184e-03 7.4806e-03 6.6743e-03
6.5022e-03 7.2946e-03 7.6298e-03 7.8933e-03 8.0211e-03 8.0503e-03 8.0394e-03 7.7561e-03 7.2262e-03 6.4305e-03
6.0884e-03 6.8497e-03 7.3012e-03 7.4530e-03 7.4800e-03 7.6673e-03 7.6350e-03 7.3520e-03 6.8486e-03 6.2539e-03
5.4760e-03 6.1717e-03 6.5130e-03 6.7057e-03 6.7230e-03 6.6848e-03 6.7451e-03 6.4698e-03 6.1064e-03 5.4183e-03
Time Step 27
5.4422e-03 6.0170e-03 6.4634e-03 6.6986e-03 6.8774e-03 6.5329e-03 6.7310e-03 6.4927e-03 6.1508e-03 5.5337e-03
6.1244e-03 6.9589e-03 7.2760e-03 7.5187e-03 7.5544e-03 7.5665e-03 7.5454e-03 7.3189e-03 7.0658e-03 6.1132e-03
6.4878e-03 7.3883e-03 7.6452e-03 7.8807e-03 7.9763e-03 8.0310e-03 7.9249e-03 7.8697e-03 7.3164e-03 6.4690e-03
6.7029e-03 7.4621e-03 7.9951e-03 8.2084e-03 8.2230e-03 8.1862e-03 8.2141e-03 8.0589e-03 7.4732e-03 6.6949e-03
6.6809e-03 7.5036e-03 7.9668e-03 8.1608e-03 8.3615e-03 8.3696e-03 8.1788e-03 8.0525e-03 7.6185e-03 6.6747e-03
6.7755e-03 7.4852e-03 7.9809e-03 8.1935e-03 8.1969e-03 8.2459e-03 8.2248e-03 8.0386e-03 7.5959e-03 6.7886e-03
6.5478e-03 7.5254e-03 8.0034e-03 8.2130e-03 8.1817e-03 8.1001e-03 8.1464e-03 7.9422e-03 7.3527e-03 6.7692e-03
6.4075e-03 7.2676e-03 7.6218e-03 7.8825e-03 7.9354e-03 7.9837e-03 7.9469e-03 7.7092e-03 7.4197e-03 6.4517e-03
5.9845e-03 7.0208e-03 7.2934e-03 7.4037e-03 7.6212e-03 7.5362e-03 7.5634e-03 7.3169e-03 6.9400e-03 6.1287e-03
5.4483e-03 6.2050e-03 6.4086e-03 6.6192e-03 6.8217e-03 6.7003e-03 6.7057e-03 6.4369e-03 6.2193e-03 5.5314e-03
Time Step 28
5.4112e-03 6.2803e-03 6.5716e-03 6.7530e-03 6.7295e-03 6.7413e-03 6.5781e-03 6.4704e-03 6.0797e-03 5.5098e-03
6.1615e-03 6.9634e-03 7.3149e-03 7.4945e-03 7.6837e-03 7.5974e-03 7.6242e-03 7.3828e-03 6.9480e-03 6.1680e-03
6.5312e-03 7.3967e-03 7.7449e-03 7.8690e-03 8.0938e-03 7.8783e-03 7.8041e-03 7.6575e-03 7.4127e-03 6.4237e-03
6.7339e-03 7.5308e-03 7.8973e-03 8.2346e-03 8.2605e-03 8.1673e-03 8.0614e-03 7.8788e-03 7.4538e-03 6.5988e-03
6.6936e-03 7.5218e-03 8.0888e-03 8.2679e-03 8.3263e-03 8.3481e-03 8.0823e-03 8.0745e-03 7.5101e-03 6.8118e-03
6.6534e-03 7.5794e-03 7.8566e-03 8.1658e-03 8.3339e-03 8.3191e-03 8.1425e-03 7.9756e-03 7.5303e-03 6.6041e-03
6.6007e-03 7.4465e-03 7.8637e-03 8.1598e-03 8.0630e-03 8.2234e-03 8.2087e-03 7.8181e-03 7.4238e-03 6.7109e-03
6.5649e-03 7.3745e-03 7.6580e-03 7.8667e-03 7.9768e-03 8.0663e-03 7.8865e-03 7.7933e-03 7.2149e-03 6.3856e-03
6.1788e-03 6.9531e-03 7.3429e-03 7.4534e-03 7.5432e-03 7.6170e-03 7.4819e-03 7.3460e-03 6.9494e-03 6.0374e-03
5.5437e-03 6.0453e-03 6.3908e-03 6.7279e-03 6.7234e-03 6.6836e-03 6.7843e-03 6.4813e-03 6.2211e-03 5.5102e-03
Time Step 29
5.4730e-03 6.0593e-03 6.5763e-03 6.6858e-03 6.7283e-03 6.8208e-03 6.6044e-03 6.5124e-03 6.0550e-03 5.4149e-03
6.1209e-03 7.0468e-03 7.3214e-03 7.4271e-03 7.6641e-03 7.5658e-03 7.5127e-03 7.2325e-03 6.9658e-03 6.1330e-03
6.5619e-03 7.3713e-03 7.7422e-03 7.9004e-03 8.0902e-03 7.9949e-03 8.0010e-03 7.6802e-03 7.2720e-03 6.4923e-03
6.5915e-03 7.4803e-03 7.9244e-03 8.0754e-03 8.1366e-03 8.1707e-03 8.1160e-03 7.9141e-03 7.3874e-03 6.6854e-03
6.6184e-03 7.5085e-03 8.0835e-03 8.1923e-03 8.3760e-03 8.4098e-03 8.2766e-03 7.9318e-03 7.5288e-03 6.8013e-03
6.6334e-03 7.6042e-03 8.0476e-03 8.2362e-03 8.2502e-03 8.2468e-03 8.2899e-03 8.0670e-03 7.5295e-03 6.7806e-03
6.5677e-03 7.4104e-03 8.0164e-03 7.9965e-03 8.2338e-03 8.2440e-03 8.0747e-03 7.8395e-03 7.5346e-03 6.7726e-03
6.3781e-03 7.1475e-03 7.7656e-03 7.9691e-03 7.9065e-03 7.9944e-03 7.9065e-03 7.6386e-03 7.2593e-03 6.5675e-03
6.0099e-03 7.0216e-03 7.2051e-03 7.6400e-03 7.5467e-03 7.4798e-03 7.4194e-03 7.1426e-03 6.8599e-03 6.1879e-03
5.6361e-03 6.1776e-03 6.5022e-03 6.6204e-03 6.6553e-03 6.7635e-03 6.6464e-03 6.4511e-03 6.1217e-03 5.4898e-03
Time Step 30
5.4946e-03 6.1196e-03 6.4696e-03 6.6008e-03 6.7312e-03 6.7437e-03 6.5916e-03 6.5230e-03 6.1286e-03 5.5467e-03
6.1587e-03 6.9220e-03 7.2338e-03 7.4715e-03 7.5730e-03 7.6876e-03 7.4718e-03 7.2833e-03 7.0504e-03 6.3006e-03
6.4632e-03 7.3504e-03 7.7776e-03 8.0032e-03 8.0787e-03 8.0385e-03 7.9328e-03 7.7521e-03 7.3300e-03 6.5255e-03
6.7218e-03 7.4915e-03 7.8736e-03 8.2095e-03 8.3029e-03 8.2518e-03 8.0251e-03 7.9534e-03 7.5067e-03 6.5973e-03
6.6577e-03 7.5076e-03 7.9853e-03 8.2443e-03 8.2929e-03 8.2690e-03 8.2504e-03 7.9987e-03 7.5891e-03 6.6938e-03
6.6221e-03 7.5880e-03 7.9046e-03 8.3219e-03 8.2483e-03 8.2597e-03 8.2518e-03 8.0583e-03 7.5826e-03 6.7477e-03
6.6843e-03 7.6752e-03 7.9507e-03 8.1893e-03 8.1815e-03 8.2874e-03 7.9754e-03 7.9791e-03 7.4445e-03 6.5486e-03
6.4472e-03 7.3359e-03 7.6817e-03 7.8986e-03 7.9920e-03 7.9289e-03 7.8489e-03 7.5982e-03 7.3024e-03 6.3737e-03
6.1793e-03 7.0024e-03 7.3452e-03 7.5838e-03 7.6030e-03 7.4826e-03 7.5204e-03 7.2835e-03 6.9623e-03 6.1565e-03
5.4820e-03 6.2064e-03 6.5414e-03 6.6531e-03 6.7265e-03 6.6614e-03 6.6490e-03 6.4236e-03 6.0866e-03 5.4664e-03
Time Step 31
5.5646e-03 6.2122e-03 6.5373e-03 6.7123e-03 6.6877e-03 6.7922e-03 6.6727e-03 6.4826e-03 6.1565e-03 5.5541e-03
6.1183e-03 7.0953e-03 7.2744e-03 7.6875e-03 7.6832e-03 7.5218e-03 7.4947e-03 7.1915e-03 6.8649e-03 6.1150e-03
6.4229e-03 7.2330e-03 7.6693e-03 7.8549e-03 7.9741e-03 7.9851e-03 8.0466e-03 7.7466e-03 7.3180e-03 6.5647e-03
6.6742e-03 7.5672e-03 7.9534e-03 8.1420e-03 8.1647e-03 8.2881e-03 8.2348e-03 7.8396e-03 7.6062e-03 6.5944e-03
6.8366e-03 7.6669e-03 7.9574e-03 8.0947e-03 8.3196e-03 8.3102e-03 8.3628e-03 8.0931e-03 7.5671e-03 6.8662e-03
6.7863e-03 7.5201e-03 7.8928e-03 8.1583e-03 8.2431e-03 8.2425e-03 8.2558e-03 8.0685e-03 7.5876e-03 6.7254e-03
6.7080e-03 7.4705e-03 7.8405e-03 8.1404e-03 8.1979e-03 8.1602e-03 8.0260e-03 7.9598e-03 7.4836e-03 6.8106e-03
6.4957e-03 7.3397e-03 7.6878e-03 7.9487e-03 7.9491e-03 8.0134e-03 7.9176e-03 7.5336e-03 7.2577e-03 6.4293e-03
6.1285e-03 6.9149e-03 7.1930e-03 7.5090e-03 7.4617e-03 7.5083e-03 7.4842e-03 7.1017e-03 6.8615e-03 6.1520e-03
5.4042e-03 6.1407e-03 6.4911e-03 6.6327e-03 6.7891e-03 6.8743e-03 6.6237e-03 6.4497e-03 6.1043e-03 5.4160e-03
Time Step 32
5.4444e-03 6.2000e-03 6.4845e-03 6.6346e-03 6.7843e-03 6.8085e-03 6.5124e-03 6.4463e-03 6.1911e-03 5.5107e-03
6.1569e-03 6.8417e-03 7.3925e-03 7.6003e-03 7.5215e-03 7.5879e-03 7.4412e-03 7.3658e-03 6.8736e-03 6.1498e-03
6.3602e-03 7.2812e-03 7.8016e-03 7.9134e-03 7.9028e-03 8.0141e-03 8.0165e-03 7.8285e-03 7.4166e-03 6.4578e-03
6.6181e-03 7.5444e-03 7.9559e-03 8.0739e-03 8.1124e-03 8.2325e-03 8.2083e-03 7.8701e-03 7.6319e-03 6.6951e-03
6.7919e-03 7.6427e-03 7.9366e-03 8.2090e-03 8.2024e-03 8.2814e-03 8.1162e-03 8.1448e-03 7.6916e-03 6.7050e-03
6.6598e-03 7.4865e-03 7.8550e-03 8.1556e-03 8.2301e-03 8.2318e-03 8.1776e-03 8.0215e-03 7.7865e-03 6.8910e-03
6.6585e-03 7.3392e-03 7.8057e-03 8.1071e-03 8.2401e-03 8.2226e-03 8.0948e-03 7.8910e-03 7.5267e-03 6.6781e-03
6.5187e-03 7.2323e-03 7.7169e-03 7.8834e-03 7.9948e-03 8.0865e-03 7.9005e-03 7.7693e-03 7.2810e-03 6.4681e-03
6.0512e-03 7.0296e-03 7.2773e-03 7.6025e-03 7.4461e-03 7.5443e-03 7.4288e-03 7.3962e-03 6.8610e-03 6.0927e-03
5.4734e-03 6.2856e-03 6.4203e-03 6.6630e-03 6.6622e-03 6.8276e-03 6.6740e-03 6.5339e-03 6.1818e-03 5.4831e-03
Time Step 33
5.4748e-03 6.1676e-03 6.5379e-03 6.6268e-03 6.6262e-03 6.6765e-03 6.6902e-03 6.4666e-03 6.1421e-03 5.5565e-03
6.1350e-03 6.9523e-03 7.2337e-03 7.4797e-03 7.6203e-03 7.6396e-03 7.6229e-03 7.3799e-03 7.0302e-03 6.1948e-03
6.3576e-03 7.3953e-03 7.7300e-03 7.8435e-03 7.9454e-03 7.9667e-03 7.9858e-03 7.7302e-03 7.3428e-03 6.5226e-03
6.7188e-03 7.4094e-03 7.9125e-03 8.1285e-03 8.1178e-03 8.2023e-03 8.1660e-03 7.8434e-03 7.6377e-03 6.6211e-03
6.7592e-03 7.6693e-03 7.9895e-03 8.1792e-03 8.2179e-03 8.2725e-03 8.1847e-03 7.9480e-03 7.5646e-03 6.6896e-03
6.7978e-03 7.5616e-03 7.8983e-03 8.1092e-03 8.2890e-03 8.1621e-03 8.1745e-03 7.9990e-03 7.7754e-03 6.6139e-03
6.6245e-03 7.3985e-03 7.8308e-03 8.0107e-03 8.0906e-03 8.2233e-03 8.1167e-03 7.9080e-03 7.4885e-03 6.6624e-03
6.5906e-03 7.2813e-03 7.6919e-03 7.8754e-03 7.9213e-03 7.9439e-03 7.9133e-03 7.5743e-03 7.2349e-03 6.5019e-03
6.2519e-03 6.9337e-03 7.2969e-03 7.4692e-03 7.6955e-03 7.6531e-03 7.4529e-03 7.3259e-03 6.9505e-03 6.1154e-03
5.4651e-03 6.0472e-03 6.4431e-03 6.6613e-03 6.7833e-03 6.8247e-03 6.6598e-03 6.6185e-03 6.2670e-03 5.6249e-03
Time Step 34
5.5244e-03 6.1588e-03 6.3618e-03 6.6357e-03 6.7256e-03 6.8418e-03 6.5669e-03 6.5078e-03 6.2178e-03 5.6210e-03
6.0914e-03 6.7992e-03 7.3009e-03 7.4710e-03 7.6574e-03 7.6538e-03 7.5432e-03 7.3855e-03 6.8698e-03 6.2204e-03
6.4278e-03 7.1879e-03 7.7137e-03 7.9202e-03 8.0440e-03 7.9467e-03 7.9280e-03 7.8397e-03 7.3816e-03 6.4762e-03
6.5910e-03 7.4873e-03 7.8741e-03 8.1414e-03 8.1936e-03 8.1551e-03 8.1138e-03 7.9284e-03 7.5153e-03 6.5900e-03
6.7611e-03 7.6105e-03 7.9336e-03 8.2162e-03 8.2879e-03 8.2921e-03 8.1280e-03 7.9861e-03 7.5702e-03 6.6957e-03
6.5347e-03 7.6951e-03 7.9983e-03 8.2458e-03 8.2652e-03 8.3482e-03 8.1227e-03 7.9803e-03 7.5660e-03 6.8559e-03
6.6358e-03 7.4852e-03 7.8980e-03 8.0784e-03 8.2290e-03 8.1445e-03 8.0509e-03 7.9862e-03 7.5650e-03 6.6234e-03
6.5507e-03 7.3007e-03 7.6670e-03 7.9700e-03 7.9224e-03 8.0721e-03 7.7600e-03 7.7110e-03 7.3103e-03 6.5043e-03
6.0638e-03 6.9762e-03 7.2965e-03 7.5288e-03 7.4895e-03 7.4793e-03 7.5362e-03 7.3764e-03 6.9202e-03 6.1579e-03
5.5898e-03 6.0600e-03 6.5337e-03 6.5982e-03 6.6822e-03 6.6431e-03 6.6711e-03 6.3109e-03 6.0421e-03 5.4753e-03
Time Step 35
5.4562e-03 6.0380e-03 6.4040e-03 6.6074e-03 6.7467e-03 6.7950e-03 6.5918e-03 6.5481e-03 6.2255e-03 5.5265e-03
6.0652e-03 6.9797e-03 7.1526e-03 7.5118e-03 7.4584e-03 7.5650e-03 7.4877e-03 7.3146e-03 6.9252e-03 6.1294e-03
6.4934e-03 7.3003e-03 7.7237e-03 7.9666e-03 7.8511e-03 7.9393e-03 7.8487e-03 7.7115e-03 7.3681e-03 6.4539e-03
6.7024e-03 7.5014e-03 7.9370e-03 8.0132e-03 8.3538e-03 8.1145e-03 8.1265e-03 7.9468e-03 7.5431e-03 6.7253e-03
6.7582e-03 7.6980e-03 7.9219e-03 8.2281e-03 8.2853e-03 8.3055e-03 8.2755e-03 7.9765e-03 7.6139e-03 6.8881e-03
6.7191e-03 7.5914e-03 7.9575e-03 8.1838e-03 8.1498e-03 8.2734e-03 8.2785e-03 8.1025e-03 7.6517e-03 6.7759e-03
6.7415e-03 7.5312e-03 7.9237e-03 8.0278e-03 8.2249e-03 8.2368e-03 8.1899e-03 7.8708e-03 7.5115e-03 6.7225e-03
6.3903e-03 7.2563e-03 7.7050e-03 7.9951e-03 8.0137e-03 8.0442e-03 7.9315e-03 7.7053e-03 7.3934e-03 6.4333e-03
6.1669e-03 6.9110e-03 7.4288e-03 7.5284e-03 7.5146e-03 7.5995e-03 7.5869e-03 7.3082e-03 6.8402e-03 6.2260e-03
5.4120e-03 6.1082e-03 6.5138e-03 6.5106e-03 6.7198e-03 6.5829e-03 6.5950e-03 6.3763e-03 6.3093e-03 5.6187e-03
Time Step 36
5.5738e-03 6.1864e-03 6.5021e-03 6.6848e-03 6.7098e-03 6.6860e-03 6.6981e-03 6.5031e-03 6.1054e-03 5.5063e-03
6.2020e-03 7.1238e-03 7.1773e-03 7.6262e-03 7.6716e-03 7.5752e-03 7.4558e-03 7.2946e-03 6.8861e-03 6.2638e-03
6.4998e-03 7.2281e-03 7.6453e-03 7.9445e-03 7.8828e-03 7.9284e-03 7.9161e-03 7.6530e-03 7.2237e-03 6.4141e-03
6.6789e-03 7.6391e-03 7.8776e-03 7.9759e-03 8.0750e-03 8.2380e-03 8.1220e-03 7.8966e-03 7.5824e-03 6.7605e-03
6.7546e-03 7.5760e-03 8.0140e-03 8.2235e-03 8.3614e-03 8.2268e-03 8.1790e-03 7.9901e-03 7.6828e-03 6.7061e-03
6.8581e-03 7.5025e-03 7.8247e-03 8.2213e-03 8.2680e-03 8.2888e-03 8.2322e-03 8.1454e-03 7.5669e-03 6.6997e-03
6.5585e-03 7.4611e-03 7.8569e-03 8.1526e-03 8.2287e-03 8.2826e-03 8.0907e-03 7.9899e-03 7.5772e-03 6.5885e-03
6.5982e-03 7.3504e-03 7.7675e-03 7.8900e-03 8.0250e-03 8.0740e-03 7.9201e-03 7.7086e-03 7.3255e-03 6.4757e-03
6.1977e-03 6.8863e-03 7.4074e-03 7.5304e-03 7.6166e-03 7.4434e-03 7.4523e-03 7.3428e-03 6.9484e-03 6.2596e-03
5.4038e-03 6.0248e-03 6.5140e-03 6.6864e-03 6.7184e-03 6.8015e-03 6.6848e-03 6.4402e-03 6.0780e-03 5.5416e-03
Time Step 37
5.5788e-03 6.0872e-03 6.3848e-03 6.5856e-03 6.7082e-03 6.7102e-03 6.5706e-03 6.4464e-03 6.2020e-03 5.5272e-03
6.2243e-03 6.9649e-03 7.2311e-03 7.5539e-03 7.5705e-03 7.6787e-03 7.5346e-03 7.2577e-03 6.8913e-03 6.1021e-03
6.3989e-03 7.2885e-03 7.6914e-03 7.8255e-03 7.8672e-03 8.0033e-03 7.8702e-03 7.6184e-03 7.2821e-03 6.5339e-03
6.6233e-03 7.5413e-03 7.8524e-03 8.2039e-03 8.2086e-03 8.1861e-03 7.9655e-03 7.8755e-03 7.7081e-03 6.6430e-03
6.7548e-03 7.6390e-03 7.8879e-03 8.1581e-03 8.3198e-03 8.2121e-03 8.1141e-03 8.0117e-03 7.5024e-03 6.6907e-03
6.5282e-03 7.5642e-03 7.8046e-03 8.2204e-03 8.2649e-03 8.3557e-03 8.1296e-03 8.0420e-03 7.5538e-03 6.7435e-03
6.5893e-03 7.5893e-03 7.8609e-03 8.0288e-03 8.1354e-03 8.2547e-03 8.0622e-03 7.9576e-03 7.5366e-03 6.6575e-03
6.4281e-03 7.3354e-03 7.6634e-03 7.8642e-03 7.8970e-03 7.9892e-03 8.0106e-03 7.7324e-03 7.2530e-03 6.4690e-03
6.1984e-03 7.0205e-03 7.2993e-03 7.4473e-03 7.6421e-03 7.4900e-03 7.6150e-03 7.3818e-03 6.9581e-03 6.1510e-03
5.4907e-03 6.1695e-03 6.4646e-03 6.6766e-03 6.6249e-03 6.8331e-03 6.6501e-03 6.5146e-03 6.1376e-03 5.3664e-03
Time Step 38
5.5785e-03 6.3021e-03 6.4751e-03 6.7097e-03 6.6634e-03 6.6502e-03 6.5944e-03 6.5084e-03 6.0740e-03 5.4533e-03
6.1080e-03 6.9189e-03 7.2840e-03 7.4820e-03 7.5687e-03 7.5778e-03 7.5129e-03 7.2323e-03 6.8925e-03 6.1080e-03
6.3895e-03 7.2859e-03 7.5788e-03 7.9495e-03 7.9703e-03 7.9184e-03 7.8141e-03 7.6560e-03 7.2692e-03 6.5269e-03
6.6563e-03 7.4414e-03 7.8222e-03 8.0818e-03 8.1321e-03 8.0976e-03 8.0813e-03 7.7136e-03 7.6288e-03 6.6678e-03
6.7528e-03 7.5371e-03 8.0197e-03 8.2361e-03 8.2277e-03 8.2467e-03 8.1312e-03 8.0678e-03 7.6250e-03 6.6822e-03
6.7931e-03 7.5698e-03 7.9449e-03 8.1407e-03 8.1969e-03 8.2689e-03 8.1723e-03 7.9773e-03 7.6561e-03 6.6977e-03
6.6694e-03 7.5389e-03 7.8572e-03 8.0201e-03 8.1422e-03 8.2824e-03 8.1194e-03 7.9094e-03 7.5761e-03 6.6183e-03
6.4221e-03 7.4186e-03 7.7210e-03 7.8622e-03 8.0529e-03 8.0171e-03 7.9109e-03 7.7544e-03 7.3602e-03 6.3601e-03
6.1399e-03 6.8945e-03 7.3361e-03 7.5338e-03 7.5227e-03 7.6443e-03 7.4899e-03 7.2896e-03 6.8027e-03 6.0968e-03
5.4389e-03 6.2378e-03 6.5650e-03 6.6488e-03 6.6918e-03 6.7480e-03 6.6410e-03 6.5033e-03 6.0508e-03 5.4608e-03
Time Step 39
5.5393e-03 6.1899e-03 6.5208e-03 6.5804e-03 6.6386e-03 6.7085e-03 6.6441e-03 6.4615e-03 6.0983e-03 5.4663e-03
6.1562e-03 6.9709e-03 7.2874e-03 7.5838e-03 7.5260e-03 7.5100e-03 7.3701e-03 7.2389e-03 6.8687e-03 6.2415e-03
6.4140e-03 7.3881e-03 7.6488e-03 7.8949e-03 8.0297e-03 7.9253e-03 7.8914e-03 7.7384e-03 7.3362e-03 6.5024e-03
6.6946e-03 7.5072e-03 7.8170e-03 8.0848e-03 8.3239e-03 8.1323e-03 8.0816e-03 7.9513e-03 7.4449e-03 6.7200e-03
6.7770e-03 7.6578e-03 8.1852e-03 8.1581e-03 8.2560e-03 8.1728e-03 8.0774e-03 7.9678e-03 7.7340e-03 6.7755e-03
6.7643e-03 7.5513e-03 8.0283e-03 8.1500e-03 8.2254e-03 8.2713e-03 8.1443e-03 7.9080e-03 7.5859e-03 6.7464e-03
6.6697e-03 7.5555e-03 7.9114e-03 8.0553e-03 8.1072e-03 8.1625e-03 8.0793e-03 7.7711e-03 7.5211e-03 6.5634e-03
6.4739e-03 7.5033e-03 7.8035e-03 7.9099e-03 7.9878e-03 7.9956e-03 7.7903e-03 7.7237e-03 7.3402e-03 6.4016e-03
6.0491e-03 6.9413e-03 7.3085e-03 7.4032e-03 7.4809e-03 7.4946e-03 7.5654e-03 7.2744e-03 6.9477e-03 6.1334e-03
5.4707e-03 6.1292e-03 6.4302e-03 6.6016e-03 6.6968e-03 6.8105e-03 6.5332e-03 6.4518e-03 6.1896e-03 5.3749e-03
Time Step 40
5.5468e-03 6.1442e-03 6.4216e-03 6.6406e-03 6.8242e-03 6.7109e-03 6.7170e-03 6.3911e-03 5.9640e-03 5.4659e-03
6.1477e-03 7.0296e-03 7.3233e-03 7.5314e-03 7.5231e-03 7.5960e-03 7.5366e-03 7.3420e-03 6.8930e-03 6.2047e-03
6.4934e-03 7.2300e-03 7.5909e-03 7.8999e-03 7.9984e-03 7.8797e-03 7.8007e-03 7.6679e-03 7.3836e-03 6.5954e-03
6.4150e-03 7.5241e-03 7.8274e-03 7.9738e-03 8.1314e-03 8.2608e-03 8.0793e-03 7.7984e-03 7.4533e-03 6.5316e-03
6.7847e-03 7.5756e-03 7.9126e-03 8.1000e-03 8.2291e-03 8.3032e-03 8.2659e-03 7.9410e-03 7.5946e-03 6.8054e-03
6.6761e-03 7.4947e-03 7.9924e-03 8.2088e-03 8.2286e-03 8.2405e-03 8.1947e-03 7.9652e-03 7.5581e-03 6.7259e-03
6.6414e-03 7.5683e-03 7.8965e-03 8.0256e-03 8.2124e-03 8.1871e-03 8.1272e-03 7.9027e-03 7.4267e-03 6.7090e-03
6.5088e-03 7.4368e-03 7.7787e-03 7.7753e-03 8.0707e-03 8.0226e-03 7.8261e-03 7.7285e-03 7.4033e-03 6.5124e-03
6.2233e-03 7.0010e-03 7.4211e-03 7.4788e-03 7.5208e-03 7.4952e-03 7.4893e-03 7.3044e-03 7.0159e-03 6.1869e-03
5.4648e-03 6.0304e-03 6.3281e-03 6.7316e-03 6.7128e-03 6.6667e-03 6.6578e-03 6.4627e-03 6.1697e-03 5.4523e-03
Time Step 41
5.5008e-03 6.0618e-03 6.5036e-03 6.6697e-03 6.7523e-03 6.7109e-03 6.7258e-03 6.5171e-03 6.1334e-03 5.4288e-03
6.0718e-03 6.8171e-03 7.1524e-03 7.6159e-03 7.4496e-03 7.5506e-03 7.4641e-03 7.3400e-03 6.9368e-03 6.0779e-03
6.4916e-03 7.3420e-03 7.5458e-03 7.8538e-03 8.0293e-03 8.0141e-03 7.9048e-03 7.7275e-03 7.2540e-03 6.5323e-03
6.6115e-03 7.3862e-03 8.0723e-03 8.1128e-03 8.1727e-03 8.1720e-03 8.1456e-03 7.9278e-03 7.6124e-03 6.7220e-03
6.7464e-03 7.6376e-03 7.9276e-03 8.1657e-03 8.1976e-03 8.2890e-03 8.2676e-03 8.0455e-03 7.7096e-03 6.8176e-03
6.8482e-03 7.6241e-03 8.0949e-03 8.1574e-03 8.2682e-03 8.2274e-03 8.2756e-03 7.9308e-03 7.6124e-03 6.7212e-03
6.8205e-03 7.6233e-03 7.8991e-03 8.1776e-03 8.0996e-03 8.2181e-03 7.9990e-03 7.8770e-03 7.4925e-03 6.6698e-03
6.4727e-03 7.3175e-03 7.6066e-03 7.8044e-03 7.9634e-03 7.9909e-03 7.8864e-03 7.8081e-03 7.3025e-03 6.5183e-03
6.0899e-03 6.8921e-03 7.3853e-03 7.4251e-03 7.5833e-03 7.5947e-03 7.6134e-03 7.2340e-03 6.9355e-03 6.2571e-03
5.5398e-03 6.1847e-03 6.4922e-03 6.6765e-03 6.8000e-03 6.6464e-03 6.7701e-03 6.3163e-03 6.1565e-03 5.5417e-03
Time Step 42
5.4439e-03 6.0788e-03 6.4904e-03 6.6781e-03 6.7084e-03 6.7395e-03 6.6489e-03 6.5898e-03 6.1912e-03 5.5022e-03
6.0752e-03 6.8575e-03 7.3188e-03 7.4505e-03 7.5644e-03 7.5362e-03 7.4292e-03 7.3616e-03 6.8389e-03 6.2165e-03
6.5579e-03 7.3230e-03 7.6746e-03 7.7240e-03 7.9277e-03 7.9290e-03 7.8085e-03 7.6550e-03 7.3260e-03 6.5354e-03
6.5544e-03 7.4622e-03 7.9631e-03 8.0284e-03 8.1856e-03 8.2038e-03 8.0805e-03 7.9017e-03 7.5123e-03 6.7062e-03
6.8118e-03 7.6518e-03 8.0975e-03 8.1988e-03 8.2996e-03 8.2171e-03 8.1794e-03 7.9113e-03 7.7043e-03 6.7442e-03
6.7180e-03 7.7173e-03 8.0546e-03 8.1368e-03 8.3239e-03 8.2834e-03 8.1137e-03 7.9101e-03 7.6671e-03 6.7479e-03
6.6568e-03 7.4699e-03 7.8047e-03 8.1307e-03 8.0954e-03 8.2600e-03 8.1513e-03 7.8079e-03 7.5512e-03 6.7722e-03
6.5682e-03 7.2439e-03 7.7838e-03 7.8832e-03 7.8928e-03 7.9586e-03 7.8818e-03 7.6679e-03 7.3696e-03 6.5044e-03
6.1957e-03 7.0097e-03 7.3832e-03 7.5354e-03 7.5770e-03 7.5955e-03 7.4194e-03 7.3301e-03 6.9967e-03 6.1414e-03
5.4653e-03 6.2145e-03 6.4367e-03 6.6629e-03 6.7759e-03 6.8666e-03 6.7119e-03 6.3943e-03 6.2076e-03 5.5356e-03
Time Step 43
5.4197e-03 6.0612e-03 6.5372e-03 6.6391e-03 6.7736e-03 6.8690e-03 6.7750e-03 6.3977e-03 6.2476e-03 5.4639e-03
6.1581e-03 6.8733e-03 7.3080e-03 7.3475e-03 7.4714e-03 7.5903e-03 7.4113e-03 7.1720e-03 6.9651e-03 6.1735e-03
6.3729e-03 7.1388e-03 7.8085e-03 7.9170e-03 7.9163e-03 7.8718e-03 7.9568e-03 7.6394e-03 7.2761e-03 6.5035e-03
6.5396e-03 7.5597e-03 8.0057e-03 8.0902e-03 8.1145e-03 8.2272e-03 8.1104e-03 7.8746e-03 7.5590e-03 6.6452e-03
6.6934e-03 7.5512e-03 8.0470e-03 8.3137e-03 8.1793e-03 8.2175e-03 8.1365e-03 8.1160e-03 7.5607e-03 6.8301e-03
6.6757e-03 7.5719e-03 8.0192e-03 8.2059e-03 8.2946e-03 8.2148e-03 8.1173e-03 7.9673e-03 7.6870e-03 6.7329e-03
6.5752e-03 7.5386e-03 7.9684e-03 8.0889e-03 8.1639e-03 8.1639e-03 8.1269e-03 7.9189e-03 7.6030e-03 6.7521e-03
6.3920e-03 7.2795e-03 7.7688e-03 7.9653e-03 7.8078e-03 7.9214e-03 7.8301e-03 7.7679e-03 7.4686e-03 6.5389e-03
6.1067e-03 6.8487e-03 7.3029e-03 7.5825e-03 7.5470e-03 7.6145e-03 7.4104e-03 7.3114e-03 6.9219e-03 6.1897e-03
5.5195e-03 6.1552e-03 6.5058e-03 6.7288e-03 6.6666e-03 6.7697e-03 6.7745e-03 6.4726e-03 6.1954e-03 5.4990e-03
Time Step 44
5.4298e-03 6.1295e-03 6.4843e-03 6.6207e-03 6.7494e-03 6.6499e-03 6.6427e-03 6.4090e-03 6.0868e-03 5.4705e-03
6.0568e-03 6.9067e-03 7.2640e-03 7.4259e-03 7.6188e-03 7.4748e-03 7.4629e-03 7.3411e-03 6.8615e-03 6.2054e-03
6.4060e-03 7.3102e-03 7.5521e-03 7.9627e-03 7.9215e-03 8.0097e-03 7.9466e-03 7.6314e-03 7.3772e-03 6.5727e-03
6.5896e-03 7.4534e-03 7.8803e-03 7.9739e-03 8.1127e-03 8.2032e-03 8.1637e-03 7.9382e-03 7.6907e-03 6.7461e-03
6.8466e-03 7.7140e-03 8.0499e-03 8.0242e-03 8.2542e-03 8.0499e-03 8.1138e-03 7.9556e-03 7.4958e-03 6.7109e-03
6.7449e-03 7.6775e-03 8.0167e-03 8.2057e-03 8.2686e-03 8.2572e-03 8.0780e-03 7.8959e-03 7.5434e-03 6.7441e-03
6.5864e-03 7.4146e-03 7.9860e-03 8.1776e-03 8.1135e-03 8.2265e-03 8.0234e-03 7.7957e-03 7.3845e-03 6.5853e-03
6.4236e-03 7.2722e-03 7.6797e-03 7.9397e-03 7.9391e-03 7.9366e-03 7.8102e-03 7.6831e-03 7.3680e-03 6.5435e-03
6.1561e-03 6.9876e-03 7.2460e-03 7.5346e-03 7.5902e-03 7.5103e-03 7.4670e-03 7.3377e-03 7.0669e-03 6.0772e-03
5.4255e-03 6.1355e-03 6.3839e-03 6.5225e-03 6.6168e-03 6.7865e-03 6.6936e-03 6.4543e-03 6.0790e-03 5.5375e-03
Time Step 45
5.5358e-03 6.1358e-03 6.5725e-03 6.6341e-03 6.7635e-03 6.7526e-03 6.7126e-03 6.3275e-03 6.1476e-03 5.6139e-03
6.1922e-03 6.9061e-03 7.2861e-03 7.4579e-03 7.5738e-03 7.6164e-03 7.5083e-03 7.2510e-03 6.8189e-03 6.2221e-03
6.5355e-03 7.2181e-03 7.5712e-03 7.9211e-03 7.9461e-03 7.9473e-03 7.9538e-03 7.6803e-03 7.2827e-03 6.6638e-03
6.6455e-03 7.4107e-03 7.8115e-03 8.1450e-03 8.2337e-03 8.1403e-03 8.1284e-03 7.9065e-03 7.4726e-03 6.6339e-03
6.7020e-03 7.5827e-03 7.9197e-03 8.2900e-03 8.2787e-03 8.2227e-03 8.1834e-03 7.9957e-03 7.5156e-03 6.6233e-03
6.8933e-03 7.5403e-03 7.9336e-03 8.1055e-03 8.3256e-03 8.3556e-03 8.1715e-03 7.9714e-03 7.6322e-03 6.6601e-03
6.6222e-03 7.5954e-03 7.8420e-03 8.0523e-03 8.1251e-03 8.2450e-03 8.1259e-03 7.9087e-03 7.5941e-03 6.6381e-03
6.4790e-03 7.2765e-03 7.7227e-03 7.8147e-03 8.0736e-03 7.8653e-03 7.9404e-03 7.6025e-03 7.2373e-03 6.6279e-03
6.1987e-03 6.9499e-03 7.2197e-03 7.6478e-03 7.5506e-03 7.5902e-03 7.4608e-03 7.2637e-03 7.0182e-03 6.2212e-03
5.4739e-03 6.0727e-03 6.3660e-03 6.6323e-03 6.7663e-03 6.7422e-03 6.6247e-03 6.4233e-03 6.1386e-03 5.4419e-03
Time Step 46
5.5438e-03 6.2717e-03 6.3729e-03 6.5643e-03 6.7476e-03 6.7466e-03 6.6973e-03 6.5094e-03 6.2692e-03 5.3558e-03
6.1346e-03 6.9313e-03 7.4001e-03 7.4884e-03 7.5691e-03 7.7495e-03 7.5219e-03 7.3122e-03 6.9701e-03 6.2306e-03
6.5389e-03 7.2767e-03 7.8300e-03 7.8512e-03 7.9921e-03 8.1044e-03 7.8383e-03 7.7614e-03 7.2208e-03 6.4618e-03
6.6458e-03 7.4678e-03 7.9634e-03 8.2250e-03 8.0641e-03 8.2039e-03 8.1969e-03 7.8959e-03 7.5689e-03 6.7352e-03
6.6638e-03 7.5636e-03 7.9008e-03 8.1708e-03 8.2475e-03 8.1975e-03 8.1820e-03 7.9642e-03 7.5649e-03 6.6384e-03
6.7958e-03 7.5546e-03 8.0248e-03 8.1556e-03 8.3291e-03 8.1609e-03 8.2215e-03 7.9388e-03 7.4211e-03 6.7160e-03
6.6451e-03 7.6206e-03 7.8672e-03 8.0726e-03 8.1008e-03 8.1315e-03 8.0320e-03 7.9338e-03 7.5003e-03 6.5910e-03
6.4137e-03 7.2342e-03 7.8869e-03 7.9455e-03 8.0671e-03 7.8020e-03 7.8380e-03 7.7567e-03 7.2941e-03 6.3362e-03
6.1659e-03 6.9574e-03 7.3229e-03 7.6030e-03 7.4802e-03 7.6845e-03 7.4263e-03 7.2317e-03 6.8851e-03 6.1945e-03
5.4349e-03 6.1421e-03 6.5381e-03 6.7824e-03 6.7323e-03 6.7593e-03 6.5384e-03 6.4236e-03 6.0917e-03 5.4126e-03
Time Step 47
5.6035e-03 6.1754e-03 6.4834e-03 6.6913e-03 6.9029e-03 6.8895e-03 6.7365e-03 6.5596e-03 6.2319e-03 5.3843e-03
6.2237e-03 7.0912e-03 7.2876e-03 7.5076e-03 7.7051e-03 7.6615e-03 7.3757e-03 7.2819e-03 6.8838e-03 6.2843e-03
6.5192e-03 7.2792e-03 7.7338e-03 7.9193e-03 7.9469e-03 8.0727e-03 7.8672e-03 7.7225e-03 7.3364e-03 6.4126e-03
6.6905e-03 7.6267e-03 7.8048e-03 8.1718e-03 8.2492e-03 8.2606e-03 8.1411e-03 7.9836e-03 7.5778e-03 6.6328e-03
6.6919e-03 7.5874e-03 8.0085e-03 8.2858e-03 8.2945e-03 8.2207e-03 8.2871e-03 8.0494e-03 7.6100e-03 6.7808e-03
6.7774e-03 7.5287e-03 8.0985e-03 8.2326e-03 8.2926e-03 8.1395e-03 8.2484e-03 7.9373e-03 7.6087e-03 6.6562e-03
6.6078e-03 7.4436e-03 7.8512e-03 8.1150e-03 8.2181e-03 8.2882e-03 8.0408e-03 7.9882e-03 7.5117e-03 6.6735e-03
6.4461e-03 7.2692e-03 7.7738e-03 8.0041e-03 7.8719e-03 7.9755e-03 8.0133e-03 7.7181e-03 7.3233e-03 6.4414e-03
6.1457e-03 7.0324e-03 7.3174e-03 7.6253e-03 7.4522e-03 7.5099e-03 7.4216e-03 7.2424e-03 6.8181e-03 6.0298e-03
5.4804e-03 6.1394e-03 6.6063e-03 6.6533e-03 6.7777e-03 6.6435e-03 6.6388e-03 6.4924e-03 6.1026e-03 5.3871e-03
Time Step 48
5.4841e-03 6.1098e-03 6.5325e-03 6.7385e-03 6.6972e-03 6.7181e-03 6.6629e-03 6.4911e-03 6.1589e-03 5.4430e-03
6.1137e-03 6.9301e-03 7.3498e-03 7.4271e-03 7.5155e-03 7.6303e-03 7.3562e-03 7.2984e-03 7.0681e-03 6.2443e-03
6.5191e-03 7.2318e-03 7.7791e-03 7.8564e-03 8.0078e-03 7.9752e-03 8.0144e-03 7.6884e-03 7.3550e-03 6.3928e-03
6.7289e-03 7.5975e-03 7.8993e-03 8.1967e-03 8.1880e-03 8.1438e-03 8.0704e-03 7.9279e-03 7.5073e-03 6.6335e-03
6.8095e-03 7.5535e-03 7.9396e-03 8.1871e-03 8.3059e-03 8.1568e-03 8.3053e-03 8.0971e-03 7.6004e-03 6.7924e-03
6.8506e-03 7.6091e-03 8.0127e-03 8.2587e-03 8.2804e-03 8.2694e-03 8.1728e-03 8.0004e-03 7.6246e-03 6.7773e-03
6.7084e-03 7.5926e-03 7.9276e-03 8.0082e-03 8.2117e-03 8.0891e-03 8.1351e-03 7.8383e-03 7.3807e-03 6.6763e-03
6.4456e-03 7.3729e-03 7.6566e-03 7.8654e-03 7.9546e-03 8.0201e-03 7.9900e-03 7.5623e-03 7.3365e-03 6.4609e-03
6.1768e-03 6.8933e-03 7.3212e-03 7.6250e-03 7.4875e-03 7.5821e-03 7.3831e-03 7.1664e-03 6.8973e-03 6.2718e-03
5.5299e-03 6.0159e-03 6.4900e-03 6.7411e-03 6.7682e-03 6.7712e-03 6.6744e-03 6.4309e-03 6.0468e-03 5.4559e-03
Time Step 49
5.4497e-03 6.1756e-03 6.4779e-03 6.7076e-03 6.8540e-03 6.5949e-03 6.6539e-03 6.4155e-03 6.1390e-03 5.4045e-03
6.1650e-03 6.9180e-03 7.4448e-03 7.6116e-03 7.4403e-03 7.5487e-03 7.5142e-03 7.1632e-03 6.8966e-03 6.1596e-03
6.4308e-03 7.2567e-03 7.7803e-03 7.9609e-03 8.0608e-03 8.1097e-03 7.9463e-03 7.7115e-03 7.2315e-03 6.6907e-03
6.5992e-03 7.5394e-03 7.9430e-03 8.0473e-03 8.1075e-03 8.2741e-03 8.2824e-03 7.9215e-03 7.5376e-03 6.7200e-03
6.6457e-03 7.6395e-03 8.0264e-03 8.2463e-03 8.2967e-03 8.3579e-03 8.1860e-03 7.9857e-03 7.6675e-03 6.8385e-03
6.8198e-03 7.6441e-03 8.0585e-03 8.0908e-03 8.2351e-03 8.1849e-03 8.1803e-03 7.9866e-03 7.6237e-03 6.7334e-03
6.7874e-03 7.4881e-03 7.9794e-03 8.0905e-03 8.2068e-03 8.1514e-03 8.1485e-03 7.9711e-03 7.5052e-03 6.6785e-03
6.6088e-03 7.3502e-03 7.7526e-03 7.9394e-03 7.9192e-03 7.8749e-03 7.9075e-03 7.7478e-03 7.3192e-03 6.5018e-03
6.1989e-03 6.9220e-03 7.2643e-03 7.4582e-03 7.5350e-03 7.5746e-03 7.4939e-03 7.3752e-03 6.9126e-03 6.0530e-03
5.4831e-03 6.0932e-03 6.4977e-03 6.6221e-03 6.6933e-03 6.7602e-03 6.6637e-03 6.4907e-03 6.1174e-03 5.4750e-03
Time Step 50
5.4482e-03 6.3233e-03 6.5229e-03 6.8406e-03 6.7363e-03 6.8201e-03 6.5211e-03 6.4711e-03 6.1573e-03 5.5360e-03
6.0095e-03 6.9250e-03 7.3158e-03 7.4572e-03 7.5390e-03 7.5391e-03 7.5214e-03 7.2611e-03 6.9411e-03 6.1781e-03
6.3733e-03 7.3243e-03 7.6216e-03 7.8326e-03 7.9972e-03 8.0445e-03 7.9919e-03 7.8551e-03 7.2554e-03 6.5422e-03
6.7039e-03 7.5257e-03 7.8954e-03 8.0524e-03 8.2140e-03 8.2443e-03 8.1500e-03 7.9760e-03 7.4240e-03 6.6330e-03
6.7450e-03 7.5705e-03 8.0680e-03 8.1902e-03 8.2883e-03 8.1876e-03 8.2375e-03 7.9758e-03 7.6011e-03 6.7914e-03
6.7631e-03 7.6761e-03 8.0770e-03 8.2449e-03 8.2966e-03 8.2209e-03 8.1180e-03 8.0281e-03 7.5576e-03 6.7517e-03
6.6109e-03 7.5346e-03 7.8961e-03 8.0770e-03 8.1800e-03 8.2205e-03 8.0138e-03 7.8841e-03 7.4256e-03 6.6645e-03
6.6135e-03 7.2589e-03 7.7152e-03 7.8708e-03 7.8658e-03 7.9684e-03 7.9726e-03 7.6874e-03 7.1644e-03 6.5131e-03
6.1148e-03 6.9464e-03 7.2260e-03 7.3955e-03 7.5563e-03 7.6145e-03 7.5701e-03 7.3628e-03 7.0129e-03 6.0899e-03
5.4814e-03 6.1116e-03 6.4243e-03 6.6119e-03 6.7798e-03 6.7873e-03 6.6711e-03 6.6009e-03 6.1724e-03 5.4761e-03
