Time Step 1
5.6635e-01 6.6261e-01 7.0287e-01 7.2419e-01 7.3387e-01 7.3387e-01 7.2419e-01 7.0287e-01 6.6261e-01 5.6633e-01
6.6262e-01 7.8821e-01 8.4123e-01 8.6910e-01 8.8150e-01 8.8151e-01 8.6910e-01 8.4123e-01 7.8821e-01 6.6261e-01
7.0288e-01 8.4122e-01 9.0179e-01 9.3393e-01 9.4804e-01 9.4804e-01 9.3393e-01 9.0179e-01 8.4122e-01 7.0288e-01
7.2420e-01 8.6909e-01 9.3393e-01 9.6891e-01 9.8418e-01 9.8418e-01 9.6891e-01 9.3392e-01 8.6909e-01 7.2420e-01
7.3389e-01 8.8149e-01 9.4804e-01 9.8418e-01 1.0000e+00 1.0000e+00 9.8418e-01 9.4804e-01 8.8149e-01 7.3389e-01
7.3389e-01 8.8149e-01 9.4804e-01 9.8418e-01 1.0000e+00 1.0000e+00 9.8418e-01 9.4804e-01 8.8149e-01 7.3389e-01
7.2421e-01 8.6909e-01 9.3392e-01 9.6891e-01 9.8417e-01 9.8418e-01 9.6891e-01 9.3392e-01 8.6909e-01 7.2421e-01
7.0289e-01 8.4122e-01 9.0179e-01 9.3393e-01 9.4804e-01 9.4804e-01 9.3392e-01 9.0178e-01 8.4122e-01 7.0289e-01
6.6258e-01 7.8816e-01 8.4118e-01 8.6906e-01 8.8149e-01 8.8151e-01 8.6911e-01 8.4125e-01 7.8823e-01 6.6264e-01
5.6624e-01 6.6249e-01 7.0276e-01 7.2407e-01 7.3375e-01 7.3375e-01 7.2408e-01 7.0279e-01 6.6258e-01 5.6637e-01
Time Step 2
4.5026e-01 5.6573e-01 6.1899e-01 6.4821e-01 6.6202e-01 6.6202e-01 6.4822e-01 6.1899e-01 5.6573e-01 4.5025e-01
5.6574e-01 7.1595e-01 7.8534e-01 8.2331e-01 8.4086e-01 8.4086e-01 8.2331e-01 7.8534e-01 7.1594e-01 5.6573e-01
6.1900e-01 7.8533e-01 8.6460e-01 9.0840e-01 9.2826e-01 9.2827e-01 9.0840e-01 8.6460e-01 7.8533e-01 6.1900e-01
6.4823e-01 8.2330e-01 9.0839e-01 9.5620e-01 9.7768e-01 9.7768e-01 9.5620e-01 9.0839e-01 8.2330e-01 6.4823e-01
6.6203e-01 8.4084e-01 9.2826e-01 9.7768e-01 1.0000e+00 1.0000e+00 9.7768e-01 9.2826e-01 8.4084e-01 6.6204e-01
6.6203e-01 8.4084e-01 9.2825e-01 9.7768e-01 1.0000e+00 1.0000e+00 9.7768e-01 9.2826e-01 8.4085e-01 6.6204e-01
6.4823e-01 8.2329e-01 9.0838e-01 9.5619e-01 9.7768e-01 9.7768e-01 9.5620e-01 9.0839e-01 8.2330e-01 6.4824e-01
6.1901e-01 7.8533e-01 8.6460e-01 9.0840e-01 9.2826e-01 9.2826e-01 9.0839e-01 8.6459e-01 7.8534e-01 6.1902e-01
5.6567e-01 7.1585e-01 7.8525e-01 8.2325e-01 8.4083e-01 8.4086e-01 8.2333e-01 7.8536e-01 7.1598e-01 5.6578e-01
4.5014e-01 5.6559e-01 6.1885e-01 6.4807e-01 6.6187e-01 6.6187e-01 6.4808e-01 6.1889e-01 5.6570e-01 4.5030e-01
Time Step 3
4.4547e-01 5.5605e-01 6.1208e-01 6.4359e-01 6.5899e-01 6.5899e-01 6.4359e-01 6.1207e-01 5.5605e-01 4.4546e-01
5.5606e-01 6.9926e-01 7.7133e-01 8.1200e-01 8.3140e-01 8.3140e-01 8.1200e-01 7.7133e-01 6.9925e-01 5.5605e-01
6.1209e-01 7.7132e-01 8.5359e-01 9.0047e-01 9.2229e-01 9.2229e-01 9.0047e-01 8.5359e-01 7.7132e-01 6.1208e-01
6.4360e-01 8.1199e-01 9.0046e-01 9.5179e-01 9.7539e-01 9.7539e-01 9.5180e-01 9.0046e-01 8.1199e-01 6.4361e-01
6.5900e-01 8.3138e-01 9.2228e-01 9.7538e-01 1.0000e+00 1.0000e+00 9.7539e-01 9.2228e-01 8.3139e-01 6.5901e-01
6.5900e-01 8.3138e-01 9.2228e-01 9.7538e-01 1.0000e+00 1.0000e+00 9.7539e-01 9.2228e-01 8.3139e-01 6.5901e-01
6.4361e-01 8.1198e-01 9.0045e-01 9.5179e-01 9.7538e-01 9.7538e-01 9.5179e-01 9.0046e-01 8.1200e-01 6.4362e-01
6.1208e-01 7.7132e-01 8.5359e-01 9.0046e-01 9.2228e-01 9.2228e-01 9.0046e-01 8.5358e-01 7.7135e-01 6.1211e-01
5.5595e-01 6.9913e-01 7.7122e-01 8.1192e-01 8.3136e-01 8.3140e-01 8.1203e-01 7.7137e-01 6.9931e-01 5.5610e-01
4.4536e-01 5.5592e-01 6.1194e-01 6.4346e-01 6.5885e-01 6.5885e-01 6.4346e-01 6.1198e-01 5.5603e-01 4.4550e-01
Time Step 4
4.5131e-01 5.5919e-01 6.1566e-01 6.4745e-01 6.6311e-01 6.6311e-01 6.4745e-01 6.1565e-01 5.5918e-01 4.5130e-01
5.5920e-01 6.9853e-01 7.7061e-01 8.1143e-01 8.3106e-01 8.3105e-01 8.1143e-01 7.7061e-01 6.9852e-01 5.5919e-01
6.1567e-01 7.7060e-01 8.5276e-01 8.9976e-01 9.2172e-01 9.2172e-01 8.9976e-01 8.5276e-01 7.7060e-01 6.1567e-01
6.4745e-01 8.1141e-01 8.9975e-01 9.5131e-01 9.7508e-01 9.7508e-01 9.5132e-01 8.9975e-01 8.1141e-01 6.4746e-01
6.6312e-01 8.3104e-01 9.2170e-01 9.7507e-01 1.0000e+00 1.0000e+00 9.7508e-01 9.2171e-01 8.3105e-01 6.6313e-01
6.6312e-01 8.3103e-01 9.2170e-01 9.7507e-01 1.0000e+00 1.0000e+00 9.7508e-01 9.2171e-01 8.3105e-01 6.6313e-01
6.4746e-01 8.1141e-01 8.9974e-01 9.5130e-01 9.7507e-01 9.7507e-01 9.5131e-01 8.9975e-01 8.1143e-01 6.4748e-01
6.1565e-01 7.7059e-01 8.5276e-01 8.9976e-01 9.2171e-01 9.2171e-01 8.9976e-01 8.5277e-01 7.7063e-01 6.1570e-01
5.5906e-01 6.9838e-01 7.7048e-01 8.1134e-01 8.3102e-01 8.3106e-01 8.1146e-01 7.7065e-01 6.9858e-01 5.5924e-01
4.5120e-01 5.5906e-01 6.1553e-01 6.4731e-01 6.6297e-01 6.6297e-01 6.4732e-01 6.1557e-01 5.5917e-01 4.5133e-01
Time Step 5
4.5599e-01 5.6235e-01 6.1887e-01 6.5065e-01 6.6628e-01 6.6628e-01 6.5065e-01 6.1886e-01 5.6234e-01 4.5598e-01
5.6236e-01 6.9964e-01 7.7151e-01 8.1217e-01 8.3171e-01 8.3171e-01 8.1217e-01 7.7151e-01 6.9963e-01 5.6235e-01
6.1888e-01 7.7151e-01 8.5336e-01 9.0012e-01 9.2190e-01 9.2190e-01 9.0012e-01 8.5336e-01 7.7150e-01 6.1888e-01
6.5065e-01 8.1216e-01 9.0012e-01 9.5150e-01 9.7511e-01 9.7511e-01 9.5150e-01 9.0012e-01 8.1216e-01 6.5066e-01
6.6629e-01 8.3169e-01 9.2188e-01 9.7510e-01 1.0000e+00 1.0000e+00 9.7511e-01 9.2189e-01 8.3170e-01 6.6630e-01
6.6629e-01 8.3168e-01 9.2188e-01 9.7510e-01 1.0000e+00 1.0000e+00 9.7511e-01 9.2189e-01 8.3170e-01 6.6630e-01
6.5067e-01 8.1216e-01 9.0011e-01 9.5149e-01 9.7510e-01 9.7510e-01 9.5150e-01 9.0012e-01 8.1218e-01 6.5068e-01
6.1886e-01 7.7150e-01 8.5336e-01 9.0012e-01 9.2189e-01 9.2189e-01 9.0013e-01 8.5337e-01 7.7154e-01 6.1891e-01
5.6221e-01 6.9948e-01 7.7138e-01 8.1209e-01 8.3167e-01 8.3171e-01 8.1221e-01 7.7155e-01 6.9970e-01 5.6240e-01
4.5589e-01 5.6223e-01 6.1875e-01 6.5052e-01 6.6614e-01 6.6615e-01 6.5052e-01 6.1878e-01 5.6233e-01 4.5601e-01
Time Step 6
4.5861e-01 5.6406e-01 6.2054e-01 6.5236e-01 6.6799e-01 6.6799e-01 6.5236e-01 6.2054e-01 5.6406e-01 4.5859e-01
5.6407e-01 7.0020e-01 7.7191e-01 8.1251e-01 8.3199e-01 8.3199e-01 8.1251e-01 7.7191e-01 7.0020e-01 5.6406e-01
6.2055e-01 7.7190e-01 8.5354e-01 9.0020e-01 9.2187e-01 9.2187e-01 9.0020e-01 8.5354e-01 7.7190e-01 6.2055e-01
6.5236e-01 8.1249e-01 9.0019e-01 9.5153e-01 9.7507e-01 9.7507e-01 9.5153e-01 9.0020e-01 8.1250e-01 6.5237e-01
6.6799e-01 8.3197e-01 9.2186e-01 9.7506e-01 1.0000e+00 1.0000e+00 9.7507e-01 9.2186e-01 8.3198e-01 6.6801e-01
6.6799e-01 8.3197e-01 9.2185e-01 9.7506e-01 1.0000e+00 1.0000e+00 9.7507e-01 9.2186e-01 8.3198e-01 6.6801e-01
6.5238e-01 8.1249e-01 9.0019e-01 9.5151e-01 9.7506e-01 9.7506e-01 9.5152e-01 9.0020e-01 8.1252e-01 6.5239e-01
6.2053e-01 7.7189e-01 8.5354e-01 9.0020e-01 9.2186e-01 9.2187e-01 9.0021e-01 8.5355e-01 7.7194e-01 6.2059e-01
5.6392e-01 7.0005e-01 7.7178e-01 8.1242e-01 8.3195e-01 8.3200e-01 8.1255e-01 7.7195e-01 7.0026e-01 5.6411e-01
4.5851e-01 5.6394e-01 6.2042e-01 6.5223e-01 6.6785e-01 6.6785e-01 6.5223e-01 6.2045e-01 5.6405e-01 4.5863e-01
Time Step 7
4.5993e-01 5.6486e-01 6.2128e-01 6.5315e-01 6.6881e-01 6.6881e-01 6.5315e-01 6.2128e-01 5.6486e-01 4.5992e-01
5.6487e-01 7.0036e-01 7.7194e-01 8.1254e-01 8.3202e-01 8.3202e-01 8.1254e-01 7.7194e-01 7.0035e-01 5.6486e-01
6.2129e-01 7.7193e-01 8.5343e-01 9.0007e-01 9.2171e-01 9.2171e-01 9.0007e-01 8.5343e-01 7.7193e-01 6.2129e-01
6.5316e-01 8.1253e-01 9.0006e-01 9.5141e-01 9.7497e-01 9.7497e-01 9.5141e-01 9.0007e-01 8.1253e-01 6.5317e-01
6.6882e-01 8.3200e-01 9.2170e-01 9.7497e-01 1.0000e+00 1.0000e+00 9.7497e-01 9.2171e-01 8.3201e-01 6.6883e-01
6.6881e-01 8.3200e-01 9.2170e-01 9.7496e-01 1.0000e+00 1.0000e+00 9.7497e-01 9.2170e-01 8.3202e-01 6.6883e-01
6.5317e-01 8.1253e-01 9.0006e-01 9.5140e-01 9.7496e-01 9.7496e-01 9.5141e-01 9.0007e-01 8.1255e-01 6.5319e-01
6.2127e-01 7.7192e-01 8.5343e-01 9.0007e-01 9.2171e-01 9.2171e-01 9.0008e-01 8.5344e-01 7.7197e-01 6.2133e-01
5.6472e-01 7.0020e-01 7.7181e-01 8.1246e-01 8.3199e-01 8.3203e-01 8.1258e-01 7.7198e-01 7.0041e-01 5.6491e-01
4.5984e-01 5.6474e-01 6.2116e-01 6.5303e-01 6.6867e-01 6.6867e-01 6.5303e-01 6.2119e-01 5.6485e-01 4.5995e-01
Time Step 8
4.6061e-01 5.6524e-01 6.2161e-01 6.5352e-01 6.6921e-01 6.6921e-01 6.5352e-01 6.2161e-01 5.6524e-01 4.6060e-01
5.6525e-01 7.0038e-01 7.7188e-01 8.1249e-01 8.3198e-01 8.3198e-01 8.1249e-01 7.7188e-01 7.0038e-01 5.6524e-01
6.2162e-01 7.7187e-01 8.5328e-01 8.9992e-01 9.2156e-01 9.2156e-01 8.9992e-01 8.5328e-01 7.7187e-01 6.2162e-01
6.5352e-01 8.1247e-01 8.9991e-01 9.5128e-01 9.7488e-01 9.7488e-01 9.5129e-01 8.9991e-01 8.1248e-01 6.5353e-01
6.6921e-01 8.3197e-01 9.2155e-01 9.7487e-01 1.0000e+00 1.0000e+00 9.7488e-01 9.2155e-01 8.3198e-01 6.6923e-01
6.6921e-01 8.3196e-01 9.2154e-01 9.7487e-01 1.0000e+00 1.0000e+00 9.7488e-01 9.2155e-01 8.3198e-01 6.6923e-01
6.5354e-01 8.1248e-01 8.9990e-01 9.5127e-01 9.7486e-01 9.7487e-01 9.5128e-01 8.9991e-01 8.1250e-01 6.5355e-01
6.2160e-01 7.7186e-01 8.5328e-01 8.9992e-01 9.2156e-01 9.2156e-01 8.9992e-01 8.5329e-01 7.7191e-01 6.2166e-01
5.6510e-01 7.0022e-01 7.7175e-01 8.1240e-01 8.3195e-01 8.3199e-01 8.1253e-01 7.7192e-01 7.0044e-01 5.6529e-01
4.6051e-01 5.6513e-01 6.2149e-01 6.5339e-01 6.6907e-01 6.6907e-01 6.5340e-01 6.2152e-01 5.6523e-01 4.6063e-01
Time Step 9
4.6098e-01 5.6545e-01 6.2178e-01 6.5370e-01 6.6940e-01 6.6940e-01 6.5369e-01 6.2177e-01 5.6544e-01 4.6096e-01
5.6545e-01 7.0040e-01 7.7184e-01 8.1245e-01 8.3195e-01 8.3195e-01 8.1245e-01 7.7184e-01 7.0039e-01 5.6545e-01
6.2178e-01 7.7183e-01 8.5318e-01 8.9981e-01 9.2145e-01 9.2145e-01 8.9981e-01 8.5318e-01 7.7183e-01 6.2178e-01
6.5370e-01 8.1243e-01 8.9980e-01 9.5119e-01 9.7481e-01 9.7481e-01 9.5119e-01 8.9981e-01 8.1244e-01 6.5371e-01
6.6941e-01 8.3193e-01 9.2144e-01 9.7481e-01 1.0000e+00 1.0000e+00 9.7481e-01 9.2145e-01 8.3194e-01 6.6942e-01
6.6940e-01 8.3192e-01 9.2144e-01 9.7481e-01 1.0000e+00 1.0000e+00 9.7481e-01 9.2145e-01 8.3194e-01 6.6942e-01
6.5371e-01 8.1243e-01 8.9980e-01 9.5118e-01 9.7480e-01 9.7480e-01 9.5119e-01 8.9980e-01 8.1245e-01 6.5373e-01
6.2176e-01 7.7182e-01 8.5318e-01 8.9981e-01 9.2145e-01 9.2145e-01 8.9982e-01 8.5319e-01 7.7187e-01 6.2182e-01
5.6531e-01 7.0024e-01 7.7170e-01 8.1236e-01 8.3191e-01 8.3196e-01 8.1248e-01 7.7188e-01 7.0045e-01 5.6549e-01
4.6088e-01 5.6533e-01 6.2165e-01 6.5357e-01 6.6926e-01 6.6927e-01 6.5357e-01 6.2168e-01 5.6543e-01 4.6100e-01
Time Step 10
4.6119e-01 5.6557e-01 6.2187e-01 6.5379e-01 6.6950e-01 6.6950e-01 6.5379e-01 6.2187e-01 5.6557e-01 4.6118e-01
5.6558e-01 7.0042e-01 7.7183e-01 8.1243e-01 8.3193e-01 8.3193e-01 8.1243e-01 7.7183e-01 7.0041e-01 5.6557e-01
6.2188e-01 7.7182e-01 8.5313e-01 8.9976e-01 9.2140e-01 9.2140e-01 8.9976e-01 8.5313e-01 7.7182e-01 6.2188e-01
6.5380e-01 8.1241e-01 8.9975e-01 9.5114e-01 9.7477e-01 9.7477e-01 9.5114e-01 8.9975e-01 8.1242e-01 6.5381e-01
6.6951e-01 8.3191e-01 9.2139e-01 9.7477e-01 1.0000e+00 1.0000e+00 9.7477e-01 9.2139e-01 8.3192e-01 6.6952e-01
6.6951e-01 8.3190e-01 9.2138e-01 9.7477e-01 1.0000e+00 1.0000e+00 9.7477e-01 9.2139e-01 8.3192e-01 6.6952e-01
6.5381e-01 8.1241e-01 8.9974e-01 9.5113e-01 9.7476e-01 9.7476e-01 9.5114e-01 8.9975e-01 8.1244e-01 6.5383e-01
6.2186e-01 7.7181e-01 8.5313e-01 8.9976e-01 9.2140e-01 9.2140e-01 8.9976e-01 8.5314e-01 7.7186e-01 6.2192e-01
5.6543e-01 7.0026e-01 7.7169e-01 8.1234e-01 8.3189e-01 8.3194e-01 8.1246e-01 7.7187e-01 7.0048e-01 5.6562e-01
4.6109e-01 5.6546e-01 6.2175e-01 6.5366e-01 6.6936e-01 6.6937e-01 6.5367e-01 6.2178e-01 5.6556e-01 4.6121e-01
Time Step 11
4.6132e-01 5.6566e-01 6.2194e-01 6.5385e-01 6.6956e-01 6.6956e-01 6.5385e-01 6.2193e-01 5.6565e-01 4.6131e-01
5.6567e-01 7.0045e-01 7.7184e-01 8.1242e-01 8.3192e-01 8.3192e-01 8.1242e-01 7.7184e-01 7.0045e-01 5.6566e-01
6.2195e-01 7.7183e-01 8.5312e-01 8.9973e-01 9.2137e-01 9.2137e-01 8.9973e-01 8.5312e-01 7.7183e-01 6.2195e-01
6.5385e-01 8.1241e-01 8.9973e-01 9.5112e-01 9.7475e-01 9.7475e-01 9.5112e-01 8.9973e-01 8.1241e-01 6.5386e-01
6.6956e-01 8.3190e-01 9.2136e-01 9.7475e-01 1.0000e+00 1.0000e+00 9.7475e-01 9.2137e-01 8.3191e-01 6.6958e-01
6.6956e-01 8.3190e-01 9.2136e-01 9.7475e-01 1.0000e+00 1.0000e+00 9.7475e-01 9.2136e-01 8.3191e-01 6.6958e-01
6.5387e-01 8.1241e-01 8.9972e-01 9.5111e-01 9.7474e-01 9.7474e-01 9.5112e-01 8.9973e-01 8.1243e-01 6.5388e-01
6.2193e-01 7.7182e-01 8.5312e-01 8.9973e-01 9.2137e-01 9.2137e-01 8.9974e-01 8.5313e-01 7.7187e-01 6.2199e-01
5.6552e-01 7.0029e-01 7.7170e-01 8.1234e-01 8.3188e-01 8.3193e-01 8.1246e-01 7.7188e-01 7.0051e-01 5.6571e-01
4.6122e-01 5.6554e-01 6.2182e-01 6.5372e-01 6.6942e-01 6.6942e-01 6.5373e-01 6.2185e-01 5.6564e-01 4.6134e-01
Time Step 12
4.6140e-01 5.6572e-01 6.2198e-01 6.5388e-01 6.6959e-01 6.6959e-01 6.5388e-01 6.2198e-01 5.6571e-01 4.6139e-01
5.6572e-01 7.0048e-01 7.7185e-01 8.1243e-01 8.3192e-01 8.3192e-01 8.1243e-01 7.7185e-01 7.0048e-01 5.6571e-01
6.2199e-01 7.7185e-01 8.5312e-01 8.9973e-01 9.2136e-01 9.2136e-01 8.9973e-01 8.5312e-01 7.7184e-01 6.2199e-01
6.5389e-01 8.1241e-01 8.9972e-01 9.5111e-01 9.7474e-01 9.7475e-01 9.5111e-01 8.9972e-01 8.1242e-01 6.5390e-01
6.6959e-01 8.3190e-01 9.2135e-01 9.7474e-01 1.0000e+00 1.0000e+00 9.7475e-01 9.2135e-01 8.3191e-01 6.6961e-01
6.6959e-01 8.3189e-01 9.2134e-01 9.7474e-01 1.0000e+00 1.0000e+00 9.7475e-01 9.2135e-01 8.3191e-01 6.6961e-01
6.5390e-01 8.1241e-01 8.9971e-01 9.5110e-01 9.7473e-01 9.7474e-01 9.5111e-01 8.9972e-01 8.1244e-01 6.5392e-01
6.2197e-01 7.7183e-01 8.5312e-01 8.9973e-01 9.2135e-01 9.2136e-01 8.9974e-01 8.5313e-01 7.7189e-01 6.2203e-01
5.6558e-01 7.0032e-01 7.7172e-01 8.1234e-01 8.3188e-01 8.3193e-01 8.1247e-01 7.7189e-01 7.0054e-01 5.6576e-01
4.6130e-01 5.6560e-01 6.2186e-01 6.5376e-01 6.6945e-01 6.6945e-01 6.5376e-01 6.2189e-01 5.6570e-01 4.6142e-01
Time Step 13
4.6145e-01 5.6576e-01 6.2201e-01 6.5391e-01 6.6960e-01 6.6960e-01 6.5390e-01 6.2201e-01 5.6575e-01 4.6144e-01
5.6576e-01 7.0050e-01 7.7187e-01 8.1243e-01 8.3192e-01 8.3192e-01 8.1243e-01 7.7186e-01 7.0050e-01 5.6575e-01
6.2202e-01 7.7186e-01 8.5313e-01 8.9973e-01 9.2135e-01 9.2135e-01 8.9973e-01 8.5313e-01 7.7186e-01 6.2202e-01
6.5391e-01 8.1242e-01 8.9972e-01 9.5111e-01 9.7474e-01 9.7474e-01 9.5111e-01 8.9972e-01 8.1242e-01 6.5392e-01
6.6961e-01 8.3190e-01 9.2134e-01 9.7474e-01 1.0000e+00 1.0000e+00 9.7474e-01 9.2135e-01 8.3191e-01 6.6962e-01
6.6961e-01 8.3189e-01 9.2134e-01 9.7474e-01 1.0000e+00 1.0000e+00 9.7474e-01 9.2134e-01 8.3191e-01 6.6962e-01
6.5392e-01 8.1242e-01 8.9971e-01 9.5110e-01 9.7473e-01 9.7473e-01 9.5110e-01 8.9972e-01 8.1244e-01 6.5394e-01
6.2200e-01 7.7185e-01 8.5313e-01 8.9973e-01 9.2135e-01 9.2135e-01 8.9974e-01 8.5314e-01 7.7190e-01 6.2206e-01
5.6561e-01 7.0035e-01 7.7173e-01 8.1235e-01 8.3188e-01 8.3193e-01 8.1247e-01 7.7191e-01 7.0056e-01 5.6580e-01
4.6136e-01 5.6564e-01 6.2189e-01 6.5378e-01 6.6947e-01 6.6947e-01 6.5378e-01 6.2192e-01 5.6574e-01 4.6147e-01
Time Step 14
4.6148e-01 5.6578e-01 6.2203e-01 6.5392e-01 6.6961e-01 6.6961e-01 6.5392e-01 6.2203e-01 5.6577e-01 4.6147e-01
5.6579e-01 7.0052e-01 7.7188e-01 8.1244e-01 8.3192e-01 8.3192e-01 8.1244e-01 7.7188e-01 7.0052e-01 5.6578e-01
6.2204e-01 7.7187e-01 8.5314e-01 8.9973e-01 9.2135e-01 9.2135e-01 8.9973e-01 8.5313e-01 7.7187e-01 6.2204e-01
6.5392e-01 8.1242e-01 8.9972e-01 9.5111e-01 9.7474e-01 9.7474e-01 9.5111e-01 8.9973e-01 8.1243e-01 6.5393e-01
6.6962e-01 8.3190e-01 9.2134e-01 9.7474e-01 1.0000e+00 1.0000e+00 9.7474e-01 9.2135e-01 8.3191e-01 6.6963e-01
6.6962e-01 8.3189e-01 9.2134e-01 9.7473e-01 1.0000e+00 1.0000e+00 9.7474e-01 9.2134e-01 8.3191e-01 6.6963e-01
6.5394e-01 8.1242e-01 8.9971e-01 9.5110e-01 9.7473e-01 9.7473e-01 9.5110e-01 8.9972e-01 8.1245e-01 6.5395e-01
6.2202e-01 7.7186e-01 8.5313e-01 8.9973e-01 9.2135e-01 9.2135e-01 8.9974e-01 8.5315e-01 7.7191e-01 6.2208e-01
5.6564e-01 7.0036e-01 7.7174e-01 8.1235e-01 8.3188e-01 8.3193e-01 8.1248e-01 7.7192e-01 7.0058e-01 5.6583e-01
4.6139e-01 5.6566e-01 6.2191e-01 6.5379e-01 6.6947e-01 6.6948e-01 6.5380e-01 6.2194e-01 5.6576e-01 4.6150e-01
Time Step 15
4.6150e-01 5.6579e-01 6.2204e-01 6.5393e-01 6.6962e-01 6.6962e-01 6.5392e-01 6.2204e-01 5.6579e-01 4.6149e-01
5.6580e-01 7.0053e-01 7.7188e-01 8.1244e-01 8.3192e-01 8.3192e-01 8.1244e-01 7.7188e-01 7.0053e-01 5.6579e-01
6.2205e-01 7.7188e-01 8.5314e-01 8.9973e-01 9.2135e-01 9.2135e-01 8.9973e-01 8.5314e-01 7.7188e-01 6.2205e-01
6.5393e-01 8.1242e-01 8.9972e-01 9.5111e-01 9.7474e-01 9.7474e-01 9.5111e-01 8.9973e-01 8.1243e-01 6.5394e-01
6.6962e-01 8.3190e-01 9.2134e-01 9.7473e-01 1.0000e+00 1.0000e+00 9.7474e-01 9.2134e-01 8.3191e-01 6.6964e-01
6.6962e-01 8.3189e-01 9.2133e-01 9.7473e-01 1.0000e+00 1.0000e+00 9.7474e-01 9.2134e-01 8.3191e-01 6.6964e-01
6.5394e-01 8.1243e-01 8.9972e-01 9.5110e-01 9.7473e-01 9.7473e-01 9.5110e-01 8.9972e-01 8.1245e-01 6.5396e-01
6.2203e-01 7.7186e-01 8.5314e-01 8.9973e-01 9.2135e-01 9.2135e-01 8.9974e-01 8.5315e-01 7.7192e-01 6.2209e-01
5.6565e-01 7.0037e-01 7.7175e-01 8.1235e-01 8.3188e-01 8.3193e-01 8.1248e-01 7.7192e-01 7.0059e-01 5.6584e-01
4.6141e-01 5.6568e-01 6.2192e-01 6.5380e-01 6.6948e-01 6.6948e-01 6.5380e-01 6.2195e-01 5.6578e-01 4.6152e-01
Time Step 16
4.6152e-01 5.6580e-01 6.2205e-01 6.5393e-01 6.6962e-01 6.6962e-01 6.5393e-01 6.2204e-01 5.6580e-01 4.6150e-01
5.6581e-01 7.0054e-01 7.7189e-01 8.1244e-01 8.3192e-01 8.3192e-01 8.1244e-01 7.7189e-01 7.0053e-01 5.6580e-01
6.2206e-01 7.7188e-01 8.5314e-01 8.9973e-01 9.2135e-01 9.2135e-01 8.9973e-01 8.5314e-01 7.7188e-01 6.2205e-01
6.5393e-01 8.1243e-01 8.9972e-01 9.5111e-01 9.7474e-01 9.7474e-01 9.5111e-01 8.9973e-01 8.1243e-01 6.5394e-01
6.6963e-01 8.3190e-01 9.2134e-01 9.7473e-01 1.0000e+00 1.0000e+00 9.7474e-01 9.2134e-01 8.3191e-01 6.6964e-01
6.6962e-01 8.3189e-01 9.2133e-01 9.7473e-01 1.0000e+00 1.0000e+00 9.7474e-01 9.2134e-01 8.3191e-01 6.6964e-01
6.5395e-01 8.1243e-01 8.9972e-01 9.5110e-01 9.7473e-01 9.7473e-01 9.5110e-01 8.9973e-01 8.1245e-01 6.5396e-01
6.2203e-01 7.7187e-01 8.5314e-01 8.9973e-01 9.2135e-01 9.2135e-01 8.9974e-01 8.5315e-01 7.7192e-01 6.2209e-01
5.6566e-01 7.0038e-01 7.7175e-01 8.1236e-01 8.3188e-01 8.3193e-01 8.1248e-01 7.7193e-01 7.0059e-01 5.6585e-01
4.6142e-01 5.6569e-01 6.2193e-01 6.5380e-01 6.6948e-01 6.6948e-01 6.5381e-01 6.2196e-01 5.6579e-01 4.6154e-01
Time Step 17
4.6152e-01 5.6581e-01 6.2205e-01 6.5393e-01 6.6962e-01 6.6962e-01 6.5393e-01 6.2205e-01 5.6580e-01 4.6151e-01
5.6581e-01 7.0054e-01 7.7189e-01 8.1244e-01 8.3192e-01 8.3192e-01 8.1244e-01 7.7189e-01 7.0054e-01 5.6581e-01
6.2206e-01 7.7188e-01 8.5314e-01 8.9973e-01 9.2135e-01 9.2135e-01 8.9973e-01 8.5314e-01 7.7188e-01 6.2206e-01
6.5394e-01 8.1243e-01 8.9972e-01 9.5111e-01 9.7474e-01 9.7474e-01 9.5111e-01 8.9973e-01 8.1243e-01 6.5395e-01
6.6963e-01 8.3190e-01 9.2134e-01 9.7473e-01 1.0000e+00 1.0000e+00 9.7474e-01 9.2134e-01 8.3191e-01 6.6964e-01
6.6962e-01 8.3189e-01 9.2133e-01 9.7473e-01 1.0000e+00 1.0000e+00 9.7474e-01 9.2134e-01 8.3191e-01 6.6964e-01
6.5395e-01 8.1243e-01 8.9972e-01 9.5110e-01 9.7473e-01 9.7473e-01 9.5110e-01 8.9973e-01 8.1245e-01 6.5397e-01
6.2204e-01 7.7187e-01 8.5314e-01 8.9973e-01 9.2135e-01 9.2135e-01 8.9974e-01 8.5316e-01 7.7192e-01 6.2210e-01
5.6567e-01 7.0038e-01 7.7176e-01 8.1236e-01 8.3188e-01 8.3193e-01 8.1248e-01 7.7193e-01 7.0060e-01 5.6586e-01
4.6143e-01 5.6569e-01 6.2193e-01 6.5380e-01 6.6948e-01 6.6948e-01 6.5381e-01 6.2196e-01 5.6579e-01 4.6154e-01
Time Step 18
4.6153e-01 5.6581e-01 6.2205e-01 6.5393e-01 6.6962e-01 6.6962e-01 6.5393e-01 6.2205e-01 5.6580e-01 4.6152e-01
5.6582e-01 7.0054e-01 7.7189e-01 8.1245e-01 8.3192e-01 8.3192e-01 8.1244e-01 7.7189e-01 7.0054e-01 5.6581e-01
6.2206e-01 7.7189e-01 8.5314e-01 8.9973e-01 9.2135e-01 9.2135e-01 8.9973e-01 8.5314e-01 7.7188e-01 6.2206e-01
6.5394e-01 8.1243e-01 8.9972e-01 9.5111e-01 9.7474e-01 9.7474e-01 9.5111e-01 8.9973e-01 8.1244e-01 6.5395e-01
6.6963e-01 8.3190e-01 9.2134e-01 9.7473e-01 1.0000e+00 1.0000e+00 9.7474e-01 9.2134e-01 8.3191e-01 6.6964e-01
6.6962e-01 8.3189e-01 9.2133e-01 9.7473e-01 1.0000e+00 1.0000e+00 9.7474e-01 9.2134e-01 8.3191e-01 6.6964e-01
6.5395e-01 8.1243e-01 8.9972e-01 9.5110e-01 9.7473e-01 9.7473e-01 9.5111e-01 8.9973e-01 8.1245e-01 6.5397e-01
6.2204e-01 7.7187e-01 8.5314e-01 8.9973e-01 9.2135e-01 9.2135e-01 8.9974e-01 8.5316e-01 7.7193e-01 6.2210e-01
5.6567e-01 7.0038e-01 7.7176e-01 8.1236e-01 8.3188e-01 8.3193e-01 8.1248e-01 7.7193e-01 7.0060e-01 5.6586e-01
4.6143e-01 5.6569e-01 6.2193e-01 6.5380e-01 6.6948e-01 6.6949e-01 6.5381e-01 6.2196e-01 5.6580e-01 4.6155e-01
Time Step 19
4.6153e-01 5.6581e-01 6.2206e-01 6.5393e-01 6.6962e-01 6.6962e-01 6.5393e-01 6.2205e-01 5.6581e-01 4.6152e-01
5.6582e-01 7.0055e-01 7.7189e-01 8.1245e-01 8.3192e-01 8.3192e-01 8.1244e-01 7.7189e-01 7.0054e-01 5.6581e-01
6.2206e-01 7.7189e-01 8.5315e-01 8.9973e-01 9.2135e-01 9.2135e-01 8.9973e-01 8.5314e-01 7.7188e-01 6.2206e-01
6.5394e-01 8.1243e-01 8.9972e-01 9.5111e-01 9.7474e-01 9.7474e-01 9.5111e-01 8.9973e-01 8.1244e-01 6.5395e-01
6.6963e-01 8.3190e-01 9.2134e-01 9.7473e-01 1.0000e+00 1.0000e+00 9.7474e-01 9.2134e-01 8.3191e-01 6.6964e-01
6.6963e-01 8.3189e-01 9.2133e-01 9.7473e-01 1.0000e+00 1.0000e+00 9.7474e-01 9.2134e-01 8.3191e-01 6.6964e-01
6.5395e-01 8.1243e-01 8.9972e-01 9.5110e-01 9.7473e-01 9.7473e-01 9.5111e-01 8.9973e-01 8.1245e-01 6.5397e-01
6.2204e-01 7.7187e-01 8.5314e-01 8.9973e-01 9.2135e-01 9.2135e-01 8.9974e-01 8.5316e-01 7.7193e-01 6.2210e-01
5.6567e-01 7.0039e-01 7.7176e-01 8.1236e-01 8.3188e-01 8.3193e-01 8.1248e-01 7.7193e-01 7.0060e-01 5.6586e-01
4.6143e-01 5.6569e-01 6.2193e-01 6.5381e-01 6.6948e-01 6.6949e-01 6.5381e-01 6.2196e-01 5.6580e-01 4.6155e-01
Time Step 20
4.6153e-01 5.6581e-01 6.2206e-01 6.5393e-01 6.6962e-01 6.6962e-01 6.5393e-01 6.2205e-01 5.6581e-01 4.6152e-01
5.6582e-01 7.0055e-01 7.7189e-01 8.1245e-01 8.3192e-01 8.3192e-01 8.1244e-01 7.7189e-01 7.0054e-01 5.6581e-01
6.2206e-01 7.7189e-01 8.5315e-01 8.9973e-01 9.2135e-01 9.2135e-01 8.9973e-01 8.5314e-01 7.7188e-01 6.2206e-01
6.5394e-01 8.1243e-01 8.9972e-01 9.5111e-01 9.7474e-01 9.7474e-01 9.5111e-01 8.9973e-01 8.1244e-01 6.5395e-01
6.6963e-01 8.3190e-01 9.2134e-01 9.7473e-01 1.0000e+00 1.0000e+00 9.7474e-01 9.2134e-01 8.3191e-01 6.6964e-01
6.6963e-01 8.3189e-01 9.2133e-01 9.7473e-01 1.0000e+00 1.0000e+00 9.7474e-01 9.2134e-01 8.3191e-01 6.6964e-01
6.5395e-01 8.1243e-01 8.9972e-01 9.5110e-01 9.7473e-01 9.7473e-01 9.5111e-01 8.9973e-01 8.1245e-01 6.5397e-01
6.2204e-01 7.7187e-01 8.5314e-01 8.9973e-01 9.2135e-01 9.2135e-01 8.9974e-01 8.5316e-01 7.7193e-01 6.2210e-01
5.6567e-01 7.0039e-01 7.7176e-01 8.1236e-01 8.3188e-01 8.3193e-01 8.1248e-01 7.7193e-01 7.0060e-01 5.6586e-01
4.6143e-01 5.6570e-01 6.2193e-01 6.5381e-01 6.6948e-01 6.6949e-01 6.5381e-01 6.2196e-01 5.6580e-01 4.6155e-01
Time Step 21
4.6153e-01 5.6581e-01 6.2206e-01 6.5393e-01 6.6962e-01 6.6962e-01 6.5393e-01 6.2205e-01 5.6581e-01 4.6152e-01
5.6582e-01 7.0055e-01 7.7189e-01 8.1245e-01 8.3192e-01 8.3192e-01 8.1245e-01 7.7189e-01 7.0054e-01 5.6581e-01
6.2206e-01 7.7189e-01 8.5315e-01 8.9973e-01 9.2135e-01 9.2135e-01 8.9973e-01 8.5314e-01 7.7188e-01 6.2206e-01
6.5394e-01 8.1243e-01 8.9972e-01 9.5111e-01 9.7474e-01 9.7474e-01 9.5111e-01 8.9973e-01 8.1244e-01 6.5395e-01
6.6963e-01 8.3190e-01 9.2134e-01 9.7473e-01 1.0000e+00 1.0000e+00 9.7474e-01 9.2134e-01 8.3191e-01 6.6964e-01
6.6963e-01 8.3189e-01 9.2133e-01 9.7473e-01 1.0000e+00 1.0000e+00 9.7474e-01 9.2134e-01 8.3191e-01 6.6964e-01
6.5395e-01 8.1243e-01 8.9972e-01 9.5110e-01 9.7473e-01 9.7473e-01 9.5111e-01 8.9973e-01 8.1245e-01 6.5397e-01
6.2204e-01 7.7187e-01 8.5314e-01 8.9973e-01 9.2135e-01 9.2135e-01 8.9974e-01 8.5316e-01 7.7193e-01 6.2210e-01
5.6567e-01 7.0039e-01 7.7176e-01 8.1236e-01 8.3188e-01 8.3193e-01 8.1248e-01 7.7193e-01 7.0060e-01 5.6586e-01
4.6143e-01 5.6570e-01 6.2193e-01 6.5381e-01 6.6948e-01 6.6949e-01 6.5381e-01 6.2196e-01 5.6580e-01 4.6155e-01
Time Step 22
4.6153e-01 5.6582e-01 6.2206e-01 6.5393e-01 6.6962e-01 6.6962e-01 6.5393e-01 6.2205e-01 5.6581e-01 4.6152e-01
5.6582e-01 7.0055e-01 7.7189e-01 8.1245e-01 8.3192e-01 8.3192e-01 8.1245e-01 7.7189e-01 7.0054e-01 5.6581e-01
6.2206e-01 7.7189e-01 8.5315e-01 8.9973e-01 9.2135e-01 9.2135e-01 8.9973e-01 8.5314e-01 7.7188e-01 6.2206e-01
6.5394e-01 8.1243e-01 8.9972e-01 9.5111e-01 9.7474e-01 9.7474e-01 9.5111e-01 8.9973e-01 8.1244e-01 6.5395e-01
6.6963e-01 8.3190e-01 9.2134e-01 9.7473e-01 1.0000e+00 1.0000e+00 9.7474e-01 9.2134e-01 8.3191e-01 6.6964e-01
6.6963e-01 8.3189e-01 9.2133e-01 9.7473e-01 1.0000e+00 1.0000e+00 9.7474e-01 9.2134e-01 8.3191e-01 6.6964e-01
6.5395e-01 8.1243e-01 8.9972e-01 9.5110e-01 9.7473e-01 9.7473e-01 9.5111e-01 8.9973e-01 8.1245e-01 6.5397e-01
6.2204e-01 7.7187e-01 8.5314e-01 8.9973e-01 9.2135e-01 9.2135e-01 8.9974e-01 8.5316e-01 7.7193e-01 6.2210e-01
5.6567e-01 7.0039e-01 7.7176e-01 8.1236e-01 8.3188e-01 8.3193e-01 8.1248e-01 7.7193e-01 7.0060e-01 5.6586e-01
4.6143e-01 5.6570e-01 6.2193e-01 6.5381e-01 6.6948e-01 6.6949e-01 6.5381e-01 6.2196e-01 5.6580e-01 4.6155e-01
Time Step 23
4.6153e-01 5.6582e-01 6.2206e-01 6.5393e-01 6.6962e-01 6.6962e-01 6.5393e-01 6.2205e-01 5.6581e-01 4.6152e-01
5.6582e-01 7.0055e-01 7.7189e-01 8.1245e-01 8.3192e-01 8.3192e-01 8.1245e-01 7.7189e-01 7.0054e-01 5.6581e-01
6.2206e-01 7.7189e-01 8.5315e-01 8.9973e-01 9.2135e-01 9.2135e-01 8.9973e-01 8.5314e-01 7.7188e-01 6.2206e-01
6.5394e-01 8.1243e-01 8.9972e-01 9.5111e-01 9.7474e-01 9.7474e-01 9.5111e-01 8.9973e-01 8.1244e-01 6.5395e-01
6.6963e-01 8.3190e-01 9.2134e-01 9.7473e-01 1.0000e+00 1.0000e+00 9.7474e-01 9.2134e-01 8.3191e-01 6.6964e-01
6.6963e-01 8.3189e-01 9.2133e-01 9.7473e-01 1.0000e+00 1.0000e+00 9.7474e-01 9.2134e-01 8.3191e-01 6.6964e-01
6.5395e-01 8.1243e-01 8.9972e-01 9.5110e-01 9.7473e-01 9.7473e-01 9.5110e-01 8.9973e-01 8.1245e-01 6.5397e-01
6.2204e-01 7.7187e-01 8.5314e-01 8.9973e-01 9.2135e-01 9.2135e-01 8.9974e-01 8.5316e-01 7.7193e-01 6.2210e-01
5.6567e-01 7.0039e-01 7.7176e-01 8.1236e-01 8.3188e-01 8.3193e-01 8.1248e-01 7.7193e-01 7.0060e-01 5.6586e-01
4.6143e-01 5.6570e-01 6.2193e-01 6.5381e-01 6.6948e-01 6.6949e-01 6.5381e-01 6.2196e-01 5.6580e-01 4.6155e-01
Time Step 24
4.6153e-01 5.6582e-01 6.2206e-01 6.5393e-01 6.6962e-01 6.6962e-01 6.5393e-01 6.2205e-01 5.6581e-01 4.6152e-01
5.6582e-01 7.0055e-01 7.7189e-01 8.1245e-01 8.3192e-01 8.3192e-01 8.1245e-01 7.7189e-01 7.0054e-01 5.6581e-01
6.2206e-01 7.7189e-01 8.5315e-01 8.9973e-01 9.2135e-01 9.2135e-01 8.9973e-01 8.5314e-01 7.7188e-01 6.2206e-01
6.5394e-01 8.1243e-01 8.9972e-01 9.5111e-01 9.7474e-01 9.7474e-01 9.5111e-01 8.9973e-01 8.1244e-01 6.5395e-01
6.6963e-01 8.3190e-01 9.2134e-01 9.7473e-01 1.0000e+00 1.0000e+00 9.7474e-01 9.2134e-01 8.3191e-01 6.6964e-01
6.6963e-01 8.3189e-01 9.2133e-01 9.7473e-01 1.0000e+00 1.0000e+00 9.7474e-01 9.2134e-01 8.3191e-01 6.6964e-01
6.5395e-01 8.1243e-01 8.9972e-01 9.5110e-01 9.7473e-01 9.7473e-01 9.5110e-01 8.9973e-01 8.1245e-01 6.5397e-01
6.2204e-01 7.7187e-01 8.5314e-01 8.9973e-01 9.2135e-01 9.2135e-01 8.9974e-01 8.5316e-01 7.7193e-01 6.2210e-01
5.6567e-01 7.0039e-01 7.7176e-01 8.1236e-01 8.3188e-01 8.3193e-01 8.1248e-01 7.7193e-01 7.0060e-01 5.6586e-01
4.6143e-01 5.6570e-01 6.2193e-01 6.5381e-01 6.6948e-01 6.6949e-01 6.5381e-01 6.2196e-01 5.6580e-01 4.6155e-01
Time Step 25
4.6153e-01 5.6582e-01 6.2206e-01 6.5393e-01 6.6962e-01 6.6962e-01 6.5393e-01 6.2205e-01 5.6581e-01 4.6152e-01
5.6582e-01 7.0055e-01 7.7189e-01 8.1245e-01 8.3192e-01 8.3192e-01 8.1245e-01 7.7189e-01 7.0054e-01 5.6581e-01
6.2206e-01 7.7189e-01 8.5315e-01 8.9973e-01 9.2135e-01 9.2135e-01 8.9973e-01 8.5314e-01 7.7188e-01 6.2206e-01
6.5394e-01 8.1243e-01 8.9972e-01 9.5111e-01 9.7474e-01 9.7474e-01 9.5111e-01 8.9973e-01 8.1244e-01 6.5395e-01
6.6963e-01 8.3190e-01 9.2134e-01 9.7473e-01 1.0000e+00 1.0000e+00 9.7474e-01 9.2134e-01 8.3191e-01 6.6964e-01
6.6963e-01 8.3189e-01 9.2133e-01 9.7473e-01 1.0000e+00 1.0000e+00 9.7474e-01 9.2134e-01 8.3191e-01 6.6964e-01
6.5395e-01 8.1243e-01 8.9972e-01 9.5110e-01 9.7473e-01 9.7473e-01 9.5110e-01 8.9973e-01 8.1245e-01 6.5397e-01
6.2204e-01 7.7187e-01 8.5314e-01 8.9973e-01 9.2135e-01 9.2135e-01 8.9974e-01 8.5316e-01 7.7193e-01 6.2210e-01
5.6567e-01 7.0039e-01 7.7176e-01 8.1236e-01 8.3188e-01 8.3193e-01 8.1248e-01 7.7193e-01 7.0060e-01 5.6586e-01
4.6143e-01 5.6570e-01 6.2193e-01 6.5381e-01 6.6948e-01 6.6949e-01 6.5381e-01 6.2196e-01 5.6580e-01 4.6155e-01
Time Step 26
4.6153e-01 5.6582e-01 6.2206e-01 6.5393e-01 6.6962e-01 6.6962e-01 6.5393e-01 6.2205e-01 5.6581e-01 4.6152e-01
5.6582e-01 7.0055e-01 7.7189e-01 8.1245e-01 8.3192e-01 8.3192e-01 8.1245e-01 7.7189e-01 7.0054e-01 5.6581e-01
6.2206e-01 7.7189e-01 8.5315e-01 8.9973e-01 9.2135e-01 9.2135e-01 8.9973e-01 8.5314e-01 7.7188e-01 6.2206e-01
6.5394e-01 8.1243e-01 8.9972e-01 9.5111e-01 9.7474e-01 9.7474e-01 9.5111e-01 8.9973e-01 8.1244e-01 6.5395e-01
6.6963e-01 8.3190e-01 9.2134e-01 9.7473e-01 1.0000e+00 1.0000e+00 9.7474e-01 9.2134e-01 8.3191e-01 6.6964e-01
6.6963e-01 8.3189e-01 9.2133e-01 9.7473e-01 1.0000e+00 1.0000e+00 9.7474e-01 9.2134e-01 8.3191e-01 6.6964e-01
6.5395e-01 8.1243e-01 8.9972e-01 9.5110e-01 9.7473e-01 9.7473e-01 9.5110e-01 8.9973e-01 8.1245e-01 6.5397e-01
6.2204e-01 7.7187e-01 8.5314e-01 8.9973e-01 9.2135e-01 9.2135e-01 8.9974e-01 8.5316e-01 7.7193e-01 6.2210e-01
5.6567e-01 7.0039e-01 7.7176e-01 8.1236e-01 8.3188e-01 8.3193e-01 8.1248e-01 7.7193e-01 7.0060e-01 5.6586e-01
4.6143e-01 5.6570e-01 6.2193e-01 6.5381e-01 6.6948e-01 6.6949e-01 6.5381e-01 6.2196e-01 5.6580e-01 4.6155e-01
Time Step 27
4.6153e-01 5.6582e-01 6.2206e-01 6.5393e-01 6.6962e-01 6.6962e-01 6.5393e-01 6.2205e-01 5.6581e-01 4.6152e-01
5.6582e-01 7.0055e-01 7.7189e-01 8.1245e-01 8.3192e-01 8.3192e-01 8.1245e-01 7.7189e-01 7.0054e-01 5.6581e-01
6.2206e-01 7.7189e-01 8.5315e-01 8.9973e-01 9.2135e-01 9.2135e-01 8.9973e-01 8.5314e-01 7.7188e-01 6.2206e-01
6.5394e-01 8.1243e-01 8.9972e-01 9.5111e-01 9.7474e-01 9.7474e-01 9.5111e-01 8.9973e-01 8.1244e-01 6.5395e-01
6.6963e-01 8.3190e-01 9.2134e-01 9.7473e-01 1.0000e+00 1.0000e+00 9.7474e-01 9.2134e-01 8.3191e-01 6.6964e-01
6.6963e-01 8.3189e-01 9.2133e-01 9.7473e-01 1.0000e+00 1.0000e+00 9.7474e-01 9.2134e-01 8.3191e-01 6.6964e-01
6.5395e-01 8.1243e-01 8.9972e-01 9.5110e-01 9.7473e-01 9.7473e-01 9.5111e-01 8.9973e-01 8.1245e-01 6.5397e-01
6.2204e-01 7.7187e-01 8.5314e-01 8.9973e-01 9.2135e-01 9.2135e-01 8.9974e-01 8.5316e-01 7.7193e-01 6.2210e-01
5.6567e-01 7.0039e-01 7.7176e-01 8.1236e-01 8.3188e-01 8.3193e-01 8.1248e-01 7.7193e-01 7.0060e-01 5.6586e-01
4.6143e-01 5.6570e-01 6.2193e-01 6.5381e-01 6.6948e-01 6.6949e-01 6.5381e-01 6.2196e-01 5.6580e-01 4.6155e-01
Time Step 28
4.6153e-01 5.6582e-01 6.2206e-01 6.5393e-01 6.6962e-01 6.6962e-01 6.5393e-01 6.2205e-01 5.6581e-01 4.6152e-01
5.6582e-01 7.0055e-01 7.7189e-01 8.1245e-01 8.3192e-01 8.3192e-01 8.1245e-01 7.7189e-01 7.0054e-01 5.6581e-01
6.2206e-01 7.7189e-01 8.5315e-01 8.9973e-01 9.2135e-01 9.2135e-01 8.9973e-01 8.5314e-01 7.7188e-01 6.2206e-01
6.5394e-01 8.1243e-01 8.9972e-01 9.5111e-01 9.7474e-01 9.7474e-01 9.5111e-01 8.9973e-01 8.1244e-01 6.5395e-01
6.6963e-01 8.3190e-01 9.2134e-01 9.7473e-01 1.0000e+00 1.0000e+00 9.7474e-01 9.2134e-01 8.3191e-01 6.6964e-01
6.6963e-01 8.3189e-01 9.2133e-01 9.7473e-01 1.0000e+00 1.0000e+00 9.7474e-01 9.2134e-01 8.3191e-01 6.6964e-01
6.5395e-01 8.1243e-01 8.9972e-01 9.5110e-01 9.7473e-01 9.7473e-01 9.5111e-01 8.9973e-01 8.1245e-01 6.5397e-01
6.2204e-01 7.7187e-01 8.5314e-01 8.9973e-01 9.2135e-01 9.2135e-01 8.9974e-01 8.5316e-01 7.7193e-01 6.2210e-01
5.6567e-01 7.0039e-01 7.7176e-01 8.1236e-01 8.3188e-01 8.3193e-01 8.1248e-01 7.7193e-01 7.0060e-01 5.6586e-01
4.6143e-01 5.6570e-01 6.2193e-01 6.5381e-01 6.6948e-01 6.6949e-01 6.5381e-01 6.2196e-01 5.6580e-01 4.6155e-01
Time Step 29
4.6153e-01 5.6582e-01 6.2206e-01 6.5393e-01 6.6962e-01 6.6962e-01 6.5393e-01 6.2205e-01 5.6581e-01 4.6152e-01
5.6582e-01 7.0055e-01 7.7189e-01 8.1245e-01 8.3192e-01 8.3192e-01 8.1245e-01 7.7189e-01 7.0054e-01 5.6581e-01
6.2206e-01 7.7189e-01 8.5315e-01 8.9973e-01 9.2135e-01 9.2135e-01 8.9973e-01 8.5314e-01 7.7188e-01 6.2206e-01
6.5394e-01 8.1243e-01 8.9972e-01 9.5111e-01 9.7474e-01 9.7474e-01 9.5111e-01 8.9973e-01 8.1244e-01 6.5395e-01
6.6963e-01 8.3190e-01 9.2134e-01 9.7473e-01 1.0000e+00 1.0000e+00 9.7474e-01 9.2134e-01 8.3191e-01 6.6964e-01
6.6963e-01 8.3189e-01 9.2133e-01 9.7473e-01 1.0000e+00 1.0000e+00 9.7474e-01 9.2134e-01 8.3191e-01 6.6964e-01
6.5395e-01 8.1243e-01 8.9972e-01 9.5110e-01 9.7473e-01 9.7473e-01 9.5111e-01 8.9973e-01 8.1245e-01 6.5397e-01
6.2204e-01 7.7187e-01 8.5314e-01 8.9973e-01 9.2135e-01 9.2135e-01 8.9974e-01 8.5316e-01 7.7193e-01 6.2210e-01
5.6567e-01 7.0039e-01 7.7176e-01 8.1236e-01 8.3188e-01 8.3193e-01 8.1248e-01 7.7193e-01 7.0060e-01 5.6586e-01
4.6143e-01 5.6570e-01 6.2193e-01 6.5381e-01 6.6948e-01 6.6949e-01 6.5381e-01 6.2196e-01 5.6580e-01 4.6155e-01
Time Step 30
4.6153e-01 5.6582e-01 6.2206e-01 6.5393e-01 6.6962e-01 6.6962e-01 6.5393e-01 6.2205e-01 5.6581e-01 4.6152e-01
5.6582e-01 7.0055e-01 7.7189e-01 8.1245e-01 8.3192e-01 8.3192e-01 8.1245e-01 7.7189e-01 7.0054e-01 5.6581e-01
6.2206e-01 7.7189e-01 8.5315e-01 8.9973e-01 9.2135e-01 9.2135e-01 8.9973e-01 8.5314e-01 7.7188e-01 6.2206e-01
6.5394e-01 8.1243e-01 8.9972e-01 9.5111e-01 9.7474e-01 9.7474e-01 9.5111e-01 8.9973e-01 8.1244e-01 6.5395e-01
6.6963e-01 8.3190e-01 9.2134e-01 9.7473e-01 1.0000e+00 1.0000e+00 9.7474e-01 9.2134e-01 8.3191e-01 6.6964e-01
6.6963e-01 8.3189e-01 9.2133e-01 9.7473e-01 1.0000e+00 1.0000e+00 9.7474e-01 9.2134e-01 8.3191e-01 6.6964e-01
6.5395e-01 8.1243e-01 8.9972e-01 9.5110e-01 9.7473e-01 9.7473e-01 9.5111e-01 8.9973e-01 8.1245e-01 6.5397e-01
6.2204e-01 7.7187e-01 8.5314e-01 8.9973e-01 9.2135e-01 9.2135e-01 8.9974e-01 8.5316e-01 7.7193e-01 6.2210e-01
5.6567e-01 7.0039e-01 7.7176e-01 8.1236e-01 8.3188e-01 8.3193e-01 8.1248e-01 7.7193e-01 7.0060e-01 5.6586e-01
4.6143e-01 5.6570e-01 6.2193e-01 6.5381e-01 6.6948e-01 6.6949e-01 6.5381e-01 6.2196e-01 5.6580e-01 4.6155e-01
Time Step 31
4.6153e-01 5.6582e-01 6.2206e-01 6.5393e-01 6.6962e-01 6.6962e-01 6.5393e-01 6.2205e-01 5.6581e-01 4.6152e-01
5.6582e-01 7.0055e-01 7.7189e-01 8.1245e-01 8.3192e-01 8.3192e-01 8.1245e-01 7.7189e-01 7.0054e-01 5.6581e-01
6.2206e-01 7.7189e-01 8.5315e-01 8.9973e-01 9.2135e-01 9.2135e-01 8.9973e-01 8.5314e-01 7.7188e-01 6.2206e-01
6.5394e-01 8.1243e-01 8.9972e-01 9.5111e-01 9.7474e-01 9.7474e-01 9.5111e-01 8.9973e-01 8.1244e-01 6.5395e-01
6.6963e-01 8.3190e-01 9.2134e-01 9.7473e-01 1.0000e+00 1.0000e+00 9.7474e-01 9.2134e-01 8.3191e-01 6.6964e-01
6.6963e-01 8.3189e-01 9.2133e-01 9.7473e-01 1.0000e+00 1.0000e+00 9.7474e-01 9.2134e-01 8.3191e-01 6.6964e-01
6.5395e-01 8.1243e-01 8.9972e-01 9.5110e-01 9.7473e-01 9.7473e-01 9.5111e-01 8.9973e-01 8.1245e-01 6.5397e-01
6.2204e-01 7.7187e-01 8.5314e-01 8.9973e-01 9.2135e-01 9.2135e-01 8.9974e-01 8.5316e-01 7.7193e-01 6.2210e-01
5.6567e-01 7.0039e-01 7.7176e-01 8.1236e-01 8.3188e-01 8.3193e-01 8.1248e-01 7.7193e-01 7.0060e-01 5.6586e-01
4.6143e-01 5.6570e-01 6.2193e-01 6.5381e-01 6.6948e-01 6.6949e-01 6.5381e-01 6.2196e-01 5.6580e-01 4.6155e-01
Time Step 32
4.6153e-01 5.6582e-01 6.2206e-01 6.5393e-01 6.6962e-01 6.6962e-01 6.5393e-01 6.2205e-01 5.6581e-01 4.6152e-01
5.6582e-01 7.0055e-01 7.7189e-01 8.1245e-01 8.3192e-01 8.3192e-01 8.1245e-01 7.7189e-01 7.0054e-01 5.6581e-01
6.2206e-01 7.7189e-01 8.5315e-01 8.9973e-01 9.2135e-01 9.2135e-01 8.9973e-01 8.5314e-01 7.7188e-01 6.2206e-01
6.5394e-01 8.1243e-01 8.9972e-01 9.5111e-01 9.7474e-01 9.7474e-01 9.5111e-01 8.9973e-01 8.1244e-01 6.5395e-01
6.6963e-01 8.3190e-01 9.2134e-01 9.7473e-01 1.0000e+00 1.0000e+00 9.7474e-01 9.2134e-01 8.3191e-01 6.6964e-01
6.6963e-01 8.3189e-01 9.2133e-01 9.7473e-01 1.0000e+00 1.0000e+00 9.7474e-01 9.2134e-01 8.3191e-01 6.6964e-01
6.5395e-01 8.1243e-01 8.9972e-01 9.5110e-01 9.7473e-01 9.7473e-01 9.5111e-01 8.9973e-01 8.1245e-01 6.5397e-01
6.2204e-01 7.7187e-01 8.5314e-01 8.9973e-01 9.2135e-01 9.2135e-01 8.9974e-01 8.5316e-01 7.7193e-01 6.2210e-01
5.6567e-01 7.0039e-01 7.7176e-01 8.1236e-01 8.3188e-01 8.3193e-01 8.1248e-01 7.7193e-01 7.0060e-01 5.6586e-01
4.6143e-01 5.6570e-01 6.2193e-01 6.5381e-01 6.6948e-01 6.6949e-01 6.5381e-01 6.2196e-01 5.6580e-01 4.6155e-01
Time Step 33
4.6153e-01 5.6582e-01 6.2206e-01 6.5393e-01 6.6962e-01 6.6962e-01 6.5393e-01 6.2205e-01 5.6581e-01 4.6152e-01
5.6582e-01 7.0055e-01 7.7189e-01 8.1245e-01 8.3192e-01 8.3192e-01 8.1245e-01 7.7189e-01 7.0054e-01 5.6581e-01
6.2206e-01 7.7189e-01 8.5315e-01 8.9973e-01 9.2135e-01 9.2135e-01 8.9973e-01 8.5314e-01 7.7188e-01 6.2206e-01
6.5394e-01 8.1243e-01 8.9972e-01 9.5111e-01 9.7474e-01 9.7474e-01 9.5111e-01 8.9973e-01 8.1244e-01 6.5395e-01
6.6963e-01 8.3190e-01 9.2134e-01 9.7473e-01 1.0000e+00 1.0000e+00 9.7474e-01 9.2134e-01 8.3191e-01 6.6964e-01
6.6963e-01 8.3189e-01 9.2133e-01 9.7473e-01 1.0000e+00 1.0000e+00 9.7474e-01 9.2134e-01 8.3191e-01 6.6964e-01
6.5395e-01 8.1243e-01 8.9972e-01 9.5110e-01 9.7473e-01 9.7473e-01 9.5111e-01 8.9973e-01 8.1245e-01 6.5397e-01
6.2204e-01 7.7187e-01 8.5314e-01 8.9973e-01 9.2135e-01 9.2135e-01 8.9974e-01 8.5316e-01 7.7193e-01 6.2210e-01
5.6567e-01 7.0039e-01 7.7176e-01 8.1236e-01 8.3188e-01 8.3193e-01 8.1248e-01 7.7193e-01 7.0060e-01 5.6586e-01
4.6143e-01 5.6570e-01 6.2193e-01 6.5381e-01 6.6948e-01 6.6949e-01 6.5381e-01 6.2196e-01 5.6580e-01 4.6155e-01
Time Step 34
4.6153e-01 5.6582e-01 6.2206e-01 6.5393e-01 6.6962e-01 6.6962e-01 6.5393e-01 6.2205e-01 5.6581e-01 4.6152e-01
5.6582e-01 7.0055e-01 7.7189e-01 8.1245e-01 8.3192e-01 8.3192e-01 8.1245e-01 7.7189e-01 7.0054e-01 5.6581e-01
6.2206e-01 7.7189e-01 8.5315e-01 8.9973e-01 9.2135e-01 9.2135e-01 8.9973e-01 8.5314e-01 7.7188e-01 6.2206e-01
6.5394e-01 8.1243e-01 8.9972e-01 9.5111e-01 9.7474e-01 9.7474e-01 9.5111e-01 8.9973e-01 8.1244e-01 6.5395e-01
6.6963e-01 8.3190e-01 9.2134e-01 9.7473e-01 1.0000e+00 1.0000e+00 9.7474e-01 9.2134e-01 8.3191e-01 6.6964e-01
6.6963e-01 8.3189e-01 9.2133e-01 9.7473e-01 1.0000e+00 1.0000e+00 9.7474e-01 9.2134e-01 8.3191e-01 6.6964e-01
6.5395e-01 8.1243e-01 8.9972e-01 9.5110e-01 9.7473e-01 9.7473e-01 9.5111e-01 8.9973e-01 8.1245e-01 6.5397e-01
6.2204e-01 7.7187e-01 8.5314e-01 8.9973e-01 9.2135e-01 9.2135e-01 8.9974e-01 8.5316e-01 7.7193e-01 6.2210e-01
5.6567e-01 7.0039e-01 7.7176e-01 8.1236e-01 8.3188e-01 8.3193e-01 8.1248e-01 7.7193e-01 7.0060e-01 5.6586e-01
4.6143e-01 5.6570e-01 6.2193e-01 6.5381e-01 6.6948e-01 6.6949e-01 6.5381e-01 6.2196e-01 5.6580e-01 4.6155e-01
Time Step 35
4.6153e-01 5.6582e-01 6.2206e-01 6.5393e-01 6.6962e-01 6.6962e-01 6.5393e-01 6.2205e-01 5.6581e-01 4.6152e-01
5.6582e-01 7.0055e-01 7.7189e-01 8.1245e-01 8.3192e-01 8.3192e-01 8.1245e-01 7.7189e-01 7.0054e-01 5.6581e-01
6.2206e-01 7.7189e-01 8.5315e-01 8.9973e-01 9.2135e-01 9.2135e-01 8.9973e-01 8.5314e-01 7.7188e-01 6.2206e-01
6.5394e-01 8.1243e-01 8.9972e-01 9.5111e-01 9.7474e-01 9.7474e-01 9.5111e-01 8.9973e-01 8.1244e-01 6.5395e-01
6.6963e-01 8.3190e-01 9.2134e-01 9.7473e-01 1.0000e+00 1.0000e+00 9.7474e-01 9.2134e-01 8.3191e-01 6.6964e-01
6.6963e-01 8.3189e-01 9.2133e-01 9.7473e-01 1.0000e+00 1.0000e+00 9.7474e-01 9.2134e-01 8.3191e-01 6.6964e-01
6.5395e-01 8.1243e-01 8.9972e-01 9.5110e-01 9.7473e-01 9.7473e-01 9.5111e-01 8.9973e-01 8.1245e-01 6.5397e-01
6.2204e-01 7.7187e-01 8.5314e-01 8.9973e-01 9.2135e-01 9.2135e-01 8.9974e-01 8.5316e-01 7.7193e-01 6.2210e-01
5.6567e-01 7.0039e-01 7.7176e-01 8.1236e-01 8.3188e-01 8.3193e-01 8.1248e-01 7.7193e-01 7.0060e-01 5.6586e-01
4.6143e-01 5.6570e-01 6.2193e-01 6.5381e-01 6.6948e-01 6.6949e-01 6.5381e-01 6.2196e-01 5.6580e-01 4.6155e-01
Time Step 36
4.6153e-01 5.6582e-01 6.2206e-01 6.5393e-01 6.6962e-01 6.6962e-01 6.5393e-01 6.2205e-01 5.6581e-01 4.6152e-01
5.6582e-01 7.0055e-01 7.7189e-01 8.1245e-01 8.3192e-01 8.3192e-01 8.1245e-01 7.7189e-01 7.0054e-01 5.6581e-01
6.2206e-01 7.7189e-01 8.5315e-01 8.9973e-01 9.2135e-01 9.2135e-01 8.9973e-01 8.5314e-01 7.7188e-01 6.2206e-01
6.5394e-01 8.1243e-01 8.9972e-01 9.5111e-01 9.7474e-01 9.7474e-01 9.5111e-01 8.9973e-01 8.1244e-01 6.5395e-01
6.6963e-01 8.3190e-01 9.2134e-01 9.7473e-01 1.0000e+00 1.0000e+00 9.7474e-01 9.2134e-01 8.3191e-01 6.6964e-01
6.6963e-01 8.3189e-01 9.2133e-01 9.7473e-01 1.0000e+00 1.0000e+00 9.7474e-01 9.2134e-01 8.3191e-01 6.6964e-01
6.5395e-01 8.1243e-01 8.9972e-01 9.5110e-01 9.7473e-01 9.7473e-01 9.5111e-01 8.9973e-01 8.1245e-01 6.5397e-01
6.2204e-01 7.7187e-01 8.5314e-01 8.9973e-01 9.2135e-01 9.2135e-01 8.9974e-01 8.5316e-01 7.7193e-01 6.2210e-01
5.6567e-01 7.0039e-01 7.7176e-01 8.1236e-01 8.3188e-01 8.3193e-01 8.1248e-01 7.7193e-01 7.0060e-01 5.6586e-01
4.6143e-01 5.6570e-01 6.2193e-01 6.5381e-01 6.6948e-01 6.6949e-01 6.5381e-01 6.2196e-01 5.6580e-01 4.6155e-01
Time Step 37
4.6153e-01 5.6582e-01 6.2206e-01 6.5393e-01 6.6962e-01 6.6962e-01 6.5393e-01 6.2205e-01 5.6581e-01 4.6152e-01
5.6582e-01 7.0055e-01 7.7189e-01 8.1245e-01 8.3192e-01 8.3192e-01 8.1245e-01 7.7189e-01 7.0054e-01 5.6581e-01
6.2206e-01 7.7189e-01 8.5315e-01 8.9973e-01 9.2135e-01 9.2135e-01 8.9973e-01 8.5314e-01 7.7188e-01 6.2206e-01
6.5394e-01 8.1243e-01 8.9972e-01 9.5111e-01 9.7474e-01 9.7474e-01 9.5111e-01 8.9973e-01 8.1244e-01 6.5395e-01
6.6963e-01 8.3190e-01 9.2134e-01 9.7473e-01 1.0000e+00 1.0000e+00 9.7474e-01 9.2134e-01 8.3191e-01 6.6964e-01
6.6963e-01 8.3189e-01 9.2133e-01 9.7473e-01 1.0000e+00 1.0000e+00 9.7474e-01 9.2134e-01 8.3191e-01 6.6964e-01
6.5395e-01 8.1243e-01 8.9972e-01 9.5110e-01 9.7473e-01 9.7473e-01 9.5111e-01 8.9973e-01 8.1245e-01 6.5397e-01
6.2204e-01 7.7187e-01 8.5314e-01 8.9973e-01 9.2135e-01 9.2135e-01 8.9974e-01 8.5316e-01 7.7193e-01 6.2210e-01
5.6567e-01 7.0039e-01 7.7176e-01 8.1236e-01 8.3188e-01 8.3193e-01 8.1248e-01 7.7193e-01 7.0060e-01 5.6586e-01
4.6143e-01 5.6570e-01 6.2193e-01 6.5381e-01 6.6948e-01 6.6949e-01 6.5381e-01 6.2196e-01 5.6580e-01 4.6155e-01
Time Step 38
4.6153e-01 5.6582e-01 6.2206e-01 6.5393e-01 6.6962e-01 6.6962e-01 6.5393e-01 6.2205e-01 5.6581e-01 4.6152e-01
5.6582e-01 7.0055e-01 7.7189e-01 8.1245e-01 8.3192e-01 8.3192e-01 8.1245e-01 7.7189e-01 7.0054e-01 5.6581e-01
6.2206e-01 7.7189e-01 8.5315e-01 8.9973e-01 9.2135e-01 9.2135e-01 8.9973e-01 8.5314e-01 7.7188e-01 6.2206e-01
6.5394e-01 8.1243e-01 8.9972e-01 9.5111e-01 9.7474e-01 9.7474e-01 9.5111e-01 8.9973e-01 8.1244e-01 6.5395e-01
6.6963e-01 8.3190e-01 9.2134e-01 9.7473e-01 1.0000e+00 1.0000e+00 9.7474e-01 9.2134e-01 8.3191e-01 6.6964e-01
6.6963e-01 8.3189e-01 9.2133e-01 9.7473e-01 1.0000e+00 1.0000e+00 9.7474e-01 9.2134e-01 8.3191e-01 6.6964e-01
6.5395e-01 8.1243e-01 8.9972e-01 9.5110e-01 9.7473e-01 9.7473e-01 9.5111e-01 8.9973e-01 8.1245e-01 6.5397e-01
6.2204e-01 7.7187e-01 8.5314e-01 8.9973e-01 9.2135e-01 9.2135e-01 8.9974e-01 8.5316e-01 7.7193e-01 6.2210e-01
5.6567e-01 7.0039e-01 7.7176e-01 8.1236e-01 8.3188e-01 8.3193e-01 8.1248e-01 7.7193e-01 7.0060e-01 5.6586e-01
4.6143e-01 5.6570e-01 6.2193e-01 6.5381e-01 6.6948e-01 6.6949e-01 6.5381e-01 6.2196e-01 5.6580e-01 4.6155e-01
Time Step 39
4.6153e-01 5.6582e-01 6.2206e-01 6.5393e-01 6.6962e-01 6.6962e-01 6.5393e-01 6.2205e-01 5.6581e-01 4.6152e-01
5.6582e-01 7.0055e-01 7.7189e-01 8.1245e-01 8.3192e-01 8.3192e-01 8.1245e-01 7.7189e-01 7.0054e-01 5.6581e-01
6.2206e-01 7.7189e-01 8.5315e-01 8.9973e-01 9.2135e-01 9.2135e-01 8.9973e-01 8.5314e-01 7.7188e-01 6.2206e-01
6.5394e-01 8.1243e-01 8.9972e-01 9.5111e-01 9.7474e-01 9.7474e-01 9.5111e-01 8.9973e-01 8.1244e-01 6.5395e-01
6.6963e-01 8.3190e-01 9.2134e-01 9.7473e-01 1.0000e+00 1.0000e+00 9.7474e-01 9.2134e-01 8.3191e-01 6.6964e-01
6.6963e-01 8.3189e-01 9.2133e-01 9.7473e-01 1.0000e+00 1.0000e+00 9.7474e-01 9.2134e-01 8.3191e-01 6.6964e-01
6.5395e-01 8.1243e-01 8.9972e-01 9.5110e-01 9.7473e-01 9.7473e-01 9.5111e-01 8.9973e-01 8.1245e-01 6.5397e-01
6.2204e-01 7.7187e-01 8.5314e-01 8.9973e-01 9.2135e-01 9.2135e-01 8.9974e-01 8.5316e-01 7.7193e-01 6.2210e-01
5.6567e-01 7.0039e-01 7.7176e-01 8.1236e-01 8.3188e-01 8.3193e-01 8.1248e-01 7.7193e-01 7.0060e-01 5.6586e-01
4.6143e-01 5.6570e-01 6.2193e-01 6.5381e-01 6.6948e-01 6.6949e-01 6.5381e-01 6.2196e-01 5.6580e-01 4.6155e-01
Time Step 40
4.6153e-01 5.6582e-01 6.2206e-01 6.5393e-01 6.6962e-01 6.6962e-01 6.5393e-01 6.2205e-01 5.6581e-01 4.6152e-01
5.6582e-01 7.0055e-01 7.7189e-01 8.1245e-01 8.3192e-01 8.3192e-01 8.1245e-01 7.7189e-01 7.0054e-01 5.6581e-01
6.2206e-01 7.7189e-01 8.5315e-01 8.9973e-01 9.2135e-01 9.2135e-01 8.9973e-01 8.5314e-01 7.7188e-01 6.2206e-01
6.5394e-01 8.1243e-01 8.9972e-01 9.5111e-01 9.7474e-01 9.7474e-01 9.5111e-01 8.9973e-01 8.1244e-01 6.5395e-01
6.6963e-01 8.3190e-01 9.2134e-01 9.7473e-01 1.0000e+00 1.0000e+00 9.7474e-01 9.2134e-01 8.3191e-01 6.6964e-01
6.6963e-01 8.3189e-01 9.2133e-01 9.7473e-01 1.0000e+00 1.0000e+00 9.7474e-01 9.2134e-01 8.3191e-01 6.6964e-01
6.5395e-01 8.1243e-01 8.9972e-01 9.5110e-01 9.7473e-01 9.7473e-01 9.5111e-01 8.9973e-01 8.1245e-01 6.5397e-01
6.2204e-01 7.7187e-01 8.5314e-01 8.9973e-01 9.2135e-01 9.2135e-01 8.9974e-01 8.5316e-01 7.7193e-01 6.2210e-01
5.6567e-01 7.0039e-01 7.7176e-01 8.1236e-01 8.3188e-01 8.3193e-01 8.1248e-01 7.7193e-01 7.0060e-01 5.6586e-01
4.6143e-01 5.6570e-01 6.2193e-01 6.5381e-01 6.6948e-01 6.6949e-01 6.5381e-01 6.2196e-01 5.6580e-01 4.6155e-01
Time Step 41
4.6153e-01 5.6582e-01 6.2206e-01 6.5393e-01 6.6962e-01 6.6962e-01 6.5393e-01 6.2205e-01 5.6581e-01 4.6152e-01
5.6582e-01 7.0055e-01 7.7189e-01 8.1245e-01 8.3192e-01 8.3192e-01 8.1245e-01 7.7189e-01 7.0054e-01 5.6581e-01
6.2206e-01 7.7189e-01 8.5315e-01 8.9973e-01 9.2135e-01 9.2135e-01 8.9973e-01 8.5314e-01 7.7188e-01 6.2206e-01
6.5394e-01 8.1243e-01 8.9972e-01 9.5111e-01 9.7474e-01 9.7474e-01 9.5111e-01 8.9973e-01 8.1244e-01 6.5395e-01
6.6963e-01 8.3190e-01 9.2134e-01 9.7473e-01 1.0000e+00 1.0000e+00 9.7474e-01 9.2134e-01 8.3191e-01 6.6964e-01
6.6963e-01 8.3189e-01 9.2133e-01 9.7473e-01 1.0000e+00 1.0000e+00 9.7474e-01 9.2134e-01 8.3191e-01 6.6964e-01
6.5395e-01 8.1243e-01 8.9972e-01 9.5110e-01 9.7473e-01 9.7473e-01 9.5111e-01 8.9973e-01 8.1245e-01 6.5397e-01
6.2204e-01 7.7187e-01 8.5314e-01 8.9973e-01 9.2135e-01 9.2135e-01 8.9974e-01 8.5316e-01 7.7193e-01 6.2210e-01
5.6567e-01 7.0039e-01 7.7176e-01 8.1236e-01 8.3188e-01 8.3193e-01 8.1248e-01 7.7193e-01 7.0060e-01 5.6586e-01
4.6143e-01 5.6570e-01 6.2193e-01 6.5381e-01 6.6948e-01 6.6949e-01 6.5381e-01 6.2196e-01 5.6580e-01 4.6155e-01
Time Step 42
4.6153e-01 5.6582e-01 6.2206e-01 6.5393e-01 6.6962e-01 6.6962e-01 6.5393e-01 6.2205e-01 5.6581e-01 4.6152e-01
5.6582e-01 7.0055e-01 7.7189e-01 8.1245e-01 8.3192e-01 8.3192e-01 8.1245e-01 7.7189e-01 7.0054e-01 5.6581e-01
6.2206e-01 7.7189e-01 8.5315e-01 8.9973e-01 9.2135e-01 9.2135e-01 8.9973e-01 8.5314e-01 7.7188e-01 6.2206e-01
6.5394e-01 8.1243e-01 8.9972e-01 9.5111e-01 9.7474e-01 9.7474e-01 9.5111e-01 8.9973e-01 8.1244e-01 6.5395e-01
6.6963e-01 8.3190e-01 9.2134e-01 9.7473e-01 1.0000e+00 1.0000e+00 9.7474e-01 9.2134e-01 8.3191e-01 6.6964e-01
6.6963e-01 8.3189e-01 9.2133e-01 9.7473e-01 1.0000e+00 1.0000e+00 9.7474e-01 9.2134e-01 8.3191e-01 6.6964e-01
6.5395e-01 8.1243e-01 8.9972e-01 9.5110e-01 9.7473e-01 9.7473e-01 9.5111e-01 8.9973e-01 8.1245e-01 6.5397e-01
6.2204e-01 7.7187e-01 8.5314e-01 8.9973e-01 9.2135e-01 9.2135e-01 8.9974e-01 8.5316e-01 7.7193e-01 6.2210e-01
5.6567e-01 7.0039e-01 7.7176e-01 8.1236e-01 8.3188e-01 8.3193e-01 8.1248e-01 7.7193e-01 7.0060e-01 5.6586e-01
4.6143e-01 5.6570e-01 6.2193e-01 6.5381e-01 6.6948e-01 6.6949e-01 6.5381e-01 6.2196e-01 5.6580e-01 4.6155e-01
Time Step 43
4.6153e-01 5.6582e-01 6.2206e-01 6.5393e-01 6.6962e-01 6.6962e-01 6.5393e-01 6.2205e-01 5.6581e-01 4.6152e-01
5.6582e-01 7.0055e-01 7.7189e-01 8.1245e-01 8.3192e-01 8.3192e-01 8.1245e-01 7.7189e-01 7.0054e-01 5.6581e-01
6.2206e-01 7.7189e-01 8.5315e-01 8.9973e-01 9.2135e-01 9.2135e-01 8.9973e-01 8.5314e-01 7.7188e-01 6.2206e-01
6.5394e-01 8.1243e-01 8.9972e-01 9.5111e-01 9.7474e-01 9.7474e-01 9.5111e-01 8.9973e-01 8.1244e-01 6.5395e-01
6.6963e-01 8.3190e-01 9.2134e-01 9.7473e-01 1.0000e+00 1.0000e+00 9.7474e-01 9.2134e-01 8.3191e-01 6.6964e-01
6.6963e-01 8.3189e-01 9.2133e-01 9.7473e-01 1.0000e+00 1.0000e+00 9.7474e-01 9.2134e-01 8.3191e-01 6.6964e-01
6.5395e-01 8.1243e-01 8.9972e-01 9.5110e-01 9.7473e-01 9.7473e-01 9.5111e-01 8.9973e-01 8.1245e-01 6.5397e-01
6.2204e-01 7.7187e-01 8.5314e-01 8.9973e-01 9.2135e-01 9.2135e-01 8.9974e-01 8.5316e-01 7.7193e-01 6.2210e-01
5.6567e-01 7.0039e-01 7.7176e-01 8.1236e-01 8.3188e-01 8.3193e-01 8.1248e-01 7.7193e-01 7.0060e-01 5.6586e-01
4.6143e-01 5.6570e-01 6.2193e-01 6.5381e-01 6.6948e-01 6.6949e-01 6.5381e-01 6.2196e-01 5.6580e-01 4.6155e-01
Time Step 44
4.6153e-01 5.6582e-01 6.2206e-01 6.5393e-01 6.6962e-01 6.6962e-01 6.5393e-01 6.2205e-01 5.6581e-01 4.6152e-01
5.6582e-01 7.0055e-01 7.7189e-01 8.1245e-01 8.3192e-01 8.3192e-01 8.1245e-01 7.7189e-01 7.0054e-01 5.6581e-01
6.2206e-01 7.7189e-01 8.5315e-01 8.9973e-01 9.2135e-01 9.2135e-01 8.9973e-01 8.5314e-01 7.7188e-01 6.2206e-01
6.5394e-01 8.1243e-01 8.9972e-01 9.5111e-01 9.7474e-01 9.7474e-01 9.5111e-01 8.9973e-01 8.1244e-01 6.5395e-01
6.6963e-01 8.3190e-01 9.2134e-01 9.7473e-01 1.0000e+00 1.0000e+00 9.7474e-01 9.2134e-01 8.3191e-01 6.6964e-01
6.6963e-01 8.3189e-01 9.2133e-01 9.7473e-01 1.0000e+00 1.0000e+00 9.7474e-01 9.2134e-01 8.3191e-01 6.6964e-01
6.5395e-01 8.1243e-01 8.9972e-01 9.5110e-01 9.7473e-01 9.7473e-01 9.5111e-01 8.9973e-01 8.1245e-01 6.5397e-01
6.2204e-01 7.7187e-01 8.5314e-01 8.9973e-01 9.2135e-01 9.2135e-01 8.9974e-01 8.5316e-01 7.7193e-01 6.2210e-01
5.6567e-01 7.0039e-01 7.7176e-01 8.1236e-01 8.3188e-01 8.3193e-01 8.1248e-01 7.7193e-01 7.0060e-01 5.6586e-01
4.6143e-01 5.6570e-01 6.2193e-01 6.5381e-01 6.6948e-01 6.6949e-01 6.5381e-01 6.2196e-01 5.6580e-01 4.6155e-01
Time Step 45
4.6153e-01 5.6582e-01 6.2206e-01 6.5393e-01 6.6962e-01 6.6962e-01 6.5393e-01 6.2205e-01 5.6581e-01 4.6152e-01
5.6582e-01 7.0055e-01 7.7189e-01 8.1245e-01 8.3192e-01 8.3192e-01 8.1245e-01 7.7189e-01 7.0054e-01 5.6581e-01
6.2206e-01 7.7189e-01 8.5315e-01 8.9973e-01 9.2135e-01 9.2135e-01 8.9973e-01 8.5314e-01 7.7188e-01 6.2206e-01
6.5394e-01 8.1243e-01 8.9972e-01 9.5111e-01 9.7474e-01 9.7474e-01 9.5111e-01 8.9973e-01 8.1244e-01 6.5395e-01
6.6963e-01 8.3190e-01 9.2134e-01 9.7473e-01 1.0000e+00 1.0000e+00 9.7474e-01 9.2134e-01 8.3191e-01 6.6964e-01
6.6963e-01 8.3189e-01 9.2133e-01 9.7473e-01 1.0000e+00 1.0000e+00 9.7474e-01 9.2134e-01 8.3191e-01 6.6964e-01
6.5395e-01 8.1243e-01 8.9972e-01 9.5110e-01 9.7473e-01 9.7473e-01 9.5111e-01 8.9973e-01 8.1245e-01 6.5397e-01
6.2204e-01 7.7187e-01 8.5314e-01 8.9973e-01 9.2135e-01 9.2135e-01 8.9974e-01 8.5316e-01 7.7193e-01 6.2210e-01
5.6567e-01 7.0039e-01 7.7176e-01 8.1236e-01 8.3188e-01 8.3193e-01 8.1248e-01 7.7193e-01 7.0060e-01 5.6586e-01
4.6143e-01 5.6570e-01 6.2193e-01 6.5381e-01 6.6948e-01 6.6949e-01 6.5381e-01 6.2196e-01 5.6580e-01 4.6155e-01
Time Step 46
4.6153e-01 5.6582e-01 6.2206e-01 6.5393e-01 6.6962e-01 6.6962e-01 6.5393e-01 6.2205e-01 5.6581e-01 4.6152e-01
5.6582e-01 7.0055e-01 7.7189e-01 8.1245e-01 8.3192e-01 8.3192e-01 8.1245e-01 7.7189e-01 7.0054e-01 5.6581e-01
6.2206e-01 7.7189e-01 8.5315e-01 8.9973e-01 9.2135e-01 9.2135e-01 8.9973e-01 8.5314e-01 7.7188e-01 6.2206e-01
6.5394e-01 8.1243e-01 8.9972e-01 9.5111e-01 9.7474e-01 9.7474e-01 9.5111e-01 8.9973e-01 8.1244e-01 6.5395e-01
6.6963e-01 8.3190e-01 9.2134e-01 9.7473e-01 1.0000e+00 1.0000e+00 9.7474e-01 9.2134e-01 8.3191e-01 6.6964e-01
6.6963e-01 8.3189e-01 9.2133e-01 9.7473e-01 1.0000e+00 1.0000e+00 9.7474e-01 9.2134e-01 8.3191e-01 6.6964e-01
6.5395e-01 8.1243e-01 8.9972e-01 9.5110e-01 9.7473e-01 9.7473e-01 9.5111e-01 8.9973e-01 8.1245e-01 6.5397e-01
6.2204e-01 7.7187e-01 8.5314e-01 8.9973e-01 9.2135e-01 9.2135e-01 8.9974e-01 8.5316e-01 7.7193e-01 6.2210e-01
5.6567e-01 7.0039e-01 7.7176e-01 8.1236e-01 8.3188e-01 8.3193e-01 8.1248e-01 7.7193e-01 7.0060e-01 5.6586e-01
4.6143e-01 5.6570e-01 6.2193e-01 6.5381e-01 6.6948e-01 6.6949e-01 6.5381e-01 6.2196e-01 5.6580e-01 4.6155e-01
Time Step 47
4.6153e-01 5.6582e-01 6.2206e-01 6.5393e-01 6.6962e-01 6.6962e-01 6.5393e-01 6.2205e-01 5.6581e-01 4.6152e-01
5.6582e-01 7.0055e-01 7.7189e-01 8.1245e-01 8.3192e-01 8.3192e-01 8.1245e-01 7.7189e-01 7.0054e-01 5.6581e-01
6.2206e-01 7.7189e-01 8.5315e-01 8.9973e-01 9.2135e-01 9.2135e-01 8.9973e-01 8.5314e-01 7.7188e-01 6.2206e-01
6.5394e-01 8.1243e-01 8.9972e-01 9.5111e-01 9.7474e-01 9.7474e-01 9.5111e-01 8.9973e-01 8.1244e-01 6.5395e-01
6.6963e-01 8.3190e-01 9.2134e-01 9.7473e-01 1.0000e+00 1.0000e+00 9.7474e-01 9.2134e-01 8.3191e-01 6.6964e-01
6.6963e-01 8.3189e-01 9.2133e-01 9.7473e-01 1.0000e+00 1.0000e+00 9.7474e-01 9.2134e-01 8.3191e-01 6.6964e-01
6.5395e-01 8.1243e-01 8.9972e-01 9.5110e-01 9.7473e-01 9.7473e-01 9.5111e-01 8.9973e-01 8.1245e-01 6.5397e-01
6.2204e-01 7.7187e-01 8.5314e-01 8.9973e-01 9.2135e-01 9.2135e-01 8.9974e-01 8.5316e-01 7.7193e-01 6.2210e-01
5.6567e-01 7.0039e-01 7.7176e-01 8.1236e-01 8.3188e-01 8.3193e-01 8.1248e-01 7.7193e-01 7.0060e-01 5.6586e-01
4.6143e-01 5.6570e-01 6.2193e-01 6.5381e-01 6.6948e-01 6.6949e-01 6.5381e-01 6.2196e-01 5.6580e-01 4.6155e-01
Time Step 48
4.6153e-01 5.6582e-01 6.2206e-01 6.5393e-01 6.6962e-01 6.6962e-01 6.5393e-01 6.2205e-01 5.6581e-01 4.6152e-01
5.6582e-01 7.0055e-01 7.7189e-01 8.1245e-01 8.3192e-01 8.3192e-01 8.1245e-01 7.7189e-01 7.0054e-01 5.6581e-01
6.2206e-01 7.7189e-01 8.5315e-01 8.9973e-01 9.2135e-01 9.2135e-01 8.9973e-01 8.5314e-01 7.7188e-01 6.2206e-01
6.5394e-01 8.1243e-01 8.9972e-01 9.5111e-01 9.7474e-01 9.7474e-01 9.5111e-01 8.9973e-01 8.1244e-01 6.5395e-01
6.6963e-01 8.3190e-01 9.2134e-01 9.7473e-01 1.0000e+00 1.0000e+00 9.7474e-01 9.2134e-01 8.3191e-01 6.6964e-01
6.6963e-01 8.3189e-01 9.2133e-01 9.7473e-01 1.0000e+00 1.0000e+00 9.7474e-01 9.2134e-01 8.3191e-01 6.6964e-01
6.5395e-01 8.1243e-01 8.9972e-01 9.5110e-01 9.7473e-01 9.7473e-01 9.5111e-01 8.9973e-01 8.1245e-01 6.5397e-01
6.2204e-01 7.7187e-01 8.5314e-01 8.9973e-01 9.2135e-01 9.2135e-01 8.9974e-01 8.5316e-01 7.7193e-01 6.2210e-01
5.6567e-01 7.0039e-01 7.7176e-01 8.1236e-01 8.3188e-01 8.3193e-01 8.1248e-01 7.7193e-01 7.0060e-01 5.6586e-01
4.6143e-01 5.6570e-01 6.2193e-01 6.5381e-01 6.6948e-01 6.6949e-01 6.5381e-01 6.2196e-01 5.6580e-01 4.6155e-01
Time Step 49
4.6153e-01 5.6582e-01 6.2206e-01 6.5393e-01 6.6962e-01 6.6962e-01 6.5393e-01 6.2205e-01 5.6581e-01 4.6152e-01
5.6582e-01 7.0055e-01 7.7189e-01 8.1245e-01 8.3192e-01 8.3192e-01 8.1245e-01 7.7189e-01 7.0054e-01 5.6581e-01
6.2206e-01 7.7189e-01 8.5315e-01 8.9973e-01 9.2135e-01 9.2135e-01 8.9973e-01 8.5314e-01 7.7188e-01 6.2206e-01
6.5394e-01 8.1243e-01 8.9972e-01 9.5111e-01 9.7474e-01 9.7474e-01 9.5111e-01 8.9973e-01 8.1244e-01 6.5395e-01
6.6963e-01 8.3190e-01 9.2134e-01 9.7473e-01 1.0000e+00 1.0000e+00 9.7474e-01 9.2134e-01 8.3191e-01 6.6964e-01
6.6963e-01 8.3189e-01 9.2133e-01 9.7473e-01 1.0000e+00 1.0000e+00 9.7474e-01 9.2134e-01 8.3191e-01 6.6964e-01
6.5395e-01 8.1243e-01 8.9972e-01 9.5110e-01 9.7473e-01 9.7473e-01 9.5111e-01 8.9973e-01 8.1245e-01 6.5397e-01
6.2204e-01 7.7187e-01 8.5314e-01 8.9973e-01 9.2135e-01 9.2135e-01 8.9974e-01 8.5316e-01 7.7193e-01 6.2210e-01
5.6567e-01 7.0039e-01 7.7176e-01 8.1236e-01 8.3188e-01 8.3193e-01 8.1248e-01 7.7193e-01 7.0060e-01 5.6586e-01
4.6143e-01 5.6570e-01 6.2193e-01 6.5381e-01 6.6948e-01 6.6949e-01 6.5381e-01 6.2196e-01 5.6580e-01 4.6155e-01
Time Step 50
4.6153e-01 5.6582e-01 6.2206e-01 6.5393e-01 6.6962e-01 6.6962e-01 6.5393e-01 6.2205e-01 5.6581e-01 4.6152e-01
5.6582e-01 7.0055e-01 7.7189e-01 8.1245e-01 8.3192e-01 8.3192e-01 8.1245e-01 7.7189e-01 7.0054e-01 5.6581e-01
6.2206e-01 7.7189e-01 8.5315e-01 8.9973e-01 9.2135e-01 9.2135e-01 8.9973e-01 8.5314e-01 7.7188e-01 6.2206e-01
6.5394e-01 8.1243e-01 8.9972e-01 9.5111e-01 9.7474e-01 9.7474e-01 9.5111e-01 8.9973e-01 8.1244e-01 6.5395e-01
6.6963e-01 8.3190e-01 9.2134e-01 9.7473e-01 1.0000e+00 1.0000e+00 9.7474e-01 9.2134e-01 8.3191e-01 6.6964e-01
6.6963e-01 8.3189e-01 9.2133e-01 9.7473e-01 1.0000e+00 1.0000e+00 9.7474e-01 9.2134e-01 8.3191e-01 6.6964e-01
6.5395e-01 8.1243e-01 8.9972e-01 9.5110e-01 9.7473e-01 9.7473e-01 9.5111e-01 8.9973e-01 8.1245e-01 6.5397e-01
6.2204e-01 7.7187e-01 8.5314e-01 8.9973e-01 9.2135e-01 9.2135e-01 8.9974e-01 8.5316e-01 7.7193e-01 6.2210e-01
5.6567e-01 7.0039e-01 7.7176e-01 8.1236e-01 8.3188e-01 8.3193e-01 8.1248e-01 7.7193e-01 7.0060e-01 5.6586e-01
4.6143e-01 5.6570e-01 6.2193e-01 6.5381e-01 6.6948e-01 6.6949e-01 6.5381e-01 6.2196e-01 5.6580e-01 4.6155e-01
